Small clamped beam example.
!  ======================================================= 
!     INPUT FILE FOR WASP; GENERATED BY HEXMESH 
!                (C) 1995 Petr Krysl 
! 
! #nodes #elements #materials #loads #time_funcs  
   48      15        1        0        1
! ======================================================
OPTIONS 
x 1
f 0.1
h 29
&
! ======================================================
MATERIAL
6
   1
   3
   1   E 117000   NU 0.35 rho 8.93e-9 ! sigma_y 400 HARDENING_PARAM 100 E_INCR 0.000001
&
! ======================================================
TIME_FUNCTIONS 
  2  
   1        5
   0        0.
   2e-5     1
   3e-5     1
   3.001e-5 0
   10000000 0
&
!  ===================================================
Initial conditions
  ID 1
    IV "-0.360000*(x+1)" "0.500000*(y+0.2)" "-0.150000*(z+0.6)"
    BOX -1000 -1000 -1000 1000 1000 1000 
  END
&
!  ======================================================= 
NODES
! id       x       y       z  CONSTRAIN: X  Y  Z (0=fix)
  1   -1   -0.2  -0.6
  2   -0.6   -0.2  -0.6
  3   -0.6   0.2  -0.6
  4   -1   0.2  -0.6
  5   -1   -0.2  -0.2
  6   -0.6   -0.2  -0.2
  7   -0.6   0.2  -0.2
  8   -1   0.2  -0.2
  9   -1   -0.2  0.2
  10   -0.6   -0.2  0.2
  11   -0.6   0.2  0.2
  12   -1   0.2  0.2
  13   -1   -0.2  0.6
  14   -0.6   -0.2  0.6
  15   -0.6   0.2  0.6
  16   -1   0.2  0.6
  17   -0.2   -0.2  -0.6
  18   -0.2   0.2  -0.6
  19   -0.2   -0.2  -0.2
  20   -0.2   0.2  -0.2
  21   -0.2   -0.2  0.2
  22   -0.2   0.2  0.2
  23   -0.2   -0.2  0.6
  24   -0.2   0.2  0.6
  25   0.2   -0.2  -0.6
  26   0.2   0.2  -0.6
  27   0.2   -0.2  -0.2
  28   0.2   0.2  -0.2
  29   0.2   -0.2  0.2
  30   0.2   0.2  0.2
  31   0.2   -0.2  0.6
  32   0.2   0.2  0.6
  33   0.6   -0.2  -0.6
  34   0.6   0.2  -0.6
  35   0.6   -0.2  -0.2
  36   0.6   0.2  -0.2
  37   0.6   -0.2  0.2
  38   0.6   0.2  0.2
  39   0.6   -0.2  0.6
  40   0.6   0.2  0.6
  41   1   -0.2  -0.6
  42   1   0.2  -0.6
  43   1   -0.2  -0.2
  44   1   0.2  -0.2
  45   1   -0.2  0.2
  46   1   0.2  0.2
  47   1   -0.2  0.6
  48   1   0.2  0.6
!  END NODES 
&
!  ======================================================
ELEM
   6  ! 2pt and 8pt isoparametric hexahedrons
!  id    n1 n2 n3 n4     n5 n6 n7 n8    material 
 1    1 2 3 4     5 6 7 8    1 
 2    5 6 7 8     9 10 11 12    1 
 3    9 10 11 12     13 14 15 16    1 
 4    2 17 18 3     6 19 20 7    1 
 5    6 19 20 7     10 21 22 11    1 
 6    10 21 22 11     14 23 24 15    1 
 7    17 25 26 18     19 27 28 20    1 
 8    19 27 28 20     21 29 30 22    1 
 9    21 29 30 22     23 31 32 24    1 
 10    25 33 34 26     27 35 36 28    1 
 11    27 35 36 28     29 37 38 30    1 
 12    29 37 38 30     31 39 40 32    1 
 13    33 41 42 34     35 43 44 36    1 
 14    35 43 44 36     37 45 46 38    1 
 15    37 45 46 38     39 47 48 40    1 
!  END ELEM 
&
!  ======================================================= 
DispBC
1 vx 0 box -1   -100 -100   -1 100  100  inflate 0.001
3 vy 0 box -100 -0.2 -100 100 -0.2  100  inflate 0.001
2 vz 0 box -100 -100 -0.6 100  100 -0.6 inflate 0.001
&
!  ======================================================= 
Reduction 
  collect
     dt 0.02
  end
  use
     nmodes 2
  end
&
!  ======================================================= 
HISTORY 
!  client_tag (N, E, W)     entity# (0 for energy (W)) 
W
N 41
I
!  END HISTORY 
&
!  END DATA 
