"Wave guide: wd -v -! -input wguid -integrator 0 -R 0.5 -T 1.5 -O 0 "
!  ======================================================= 
!     INPUT FILE FOR WASP; GENERATED BY HEXMESH 
!                (C) 1995 Petr Krysl 
! 
! #nodes #elements #materials #loads #time_funcs  
   324      80        1        0        1
!  ======================================================= 
OPTIONS 
!  option_tag (O, T, S)     value 
T 5
R 50
O 0
!  END OPTIONS 
&
!  ================================================ 
MATERIAL
6
1
1 ! StV-K
1   E 16000   NU 0.3 rho 0.0078
!  END MATERIAL
&
!  ======================================================= 
TIME_FUNCTIONS 
  2  ! tabular
! func#   #pairs 
   1        42
! time     val 
! for n in $(genl 0 40); do echo $(expeval "$n/40*0.1") $(expeval "sin(2*pi*$n/40)"); done
0 0
0.0025 0.156434
0.005 0.309017
0.0075 0.45399
0.01 0.587785
0.0125 0.707107
0.015 0.809017
0.0175 0.891007
0.02 0.951057
0.0225 0.987688
0.025 1
0.0275 0.987688
0.03 0.951057
0.0325 0.891007
0.035 0.809017
0.0375 0.707107
0.04 0.587785
0.0425 0.45399
0.045 0.309017
0.0475 0.156434
0.05 1.22465e-16
0.0525 -0.156434
0.055 -0.309017
0.0575 -0.45399
0.06 -0.587785
0.0625 -0.707107
0.065 -0.809017
0.0675 -0.891007
0.07 -0.951057
0.0725 -0.987688
0.075 -1
0.0775 -0.987688
0.08 -0.951057
0.0825 -0.891007
0.085 -0.809017
0.0875 -0.707107
0.09 -0.587785
0.0925 -0.45399
0.095 -0.309017
0.0975 -0.156434
0.1 -2.44929e-16
1 0
!  END TIME_FUNCTIONS 
&
!  ======================================================= 
NODES
! id       x       y       z  CONSTRAIN: X  Y  Z (0=fix)
  1   3.495   0  0       1   1   1
  2   6.99   0  0       1   1   1
  3   6.99   5  0       1   1   1
  4   3.495   5  0       1   1   1
  5   3.495   0  5.00715       1   1   1
  6   6.99   0  5.00715       1   1   1
  7   6.99   5  5.00715       1   1   1
  8   3.495   5  5.00715       1   1   1
  9   6.99   10  0       1   1   1
  10   3.495   10  0       1   1   1
  11   6.99   10  5.00715       1   1   1
  12   3.495   10  5.00715       1   1   1
  13   6.99   15  0       1   1   1
  14   3.495   15  0       1   1   1
  15   6.99   15  5.00715       1   1   1
  16   3.495   15  5.00715       1   1   1
  17   6.99   20  0       1   1   1
  18   3.495   20  0       1   1   1
  19   6.99   20  5.00715       1   1   1
  20   3.495   20  5.00715       1   1   1
  21   6.99   25  0       1   1   1
  22   3.495   25  0       1   1   1
  23   6.99   25  5.00715       1   1   1
  24   3.495   25  5.00715       1   1   1
  25   6.99   30  0       1   1   1
  26   3.495   30  0       1   1   1
  27   6.99   30  5.00715       1   1   1
  28   3.495   30  5.00715       1   1   1
  29   6.99   35  0       1   1   1
  30   3.495   35  0       1   1   1
  31   6.99   35  5.00715       1   1   1
  32   3.495   35  5.00715       1   1   1
  33   6.99   40  0       1   1   1
  34   3.495   40  0       1   1   1
  35   6.99   40  5.00715       1   1   1
  36   3.495   40  5.00715       1   1   1
  37   6.99   45  0       1   1   1
  38   3.495   45  0       1   1   1
  39   6.99   45  5.00715       1   1   1
  40   3.495   45  5.00715       1   1   1
  41   6.99   50  0       1   1   1
  42   3.495   50  0       1   1   1
  43   6.99   50  5.00715       1   1   1
  44   3.495   50  5.00715       1   1   1
  45   6.99   55  0       1   1   1
  46   3.495   55  0       1   1   1
  47   6.99   55  5.00715       1   1   1
  48   3.495   55  5.00715       1   1   1
  49   6.99   60  0       1   1   1
  50   3.495   60  0       1   1   1
  51   6.99   60  5.00715       1   1   1
  52   3.495   60  5.00715       1   1   1
  53   6.99   65  0       1   1   1
  54   3.495   65  0       1   1   1
  55   6.99   65  5.00715       1   1   1
  56   3.495   65  5.00715       1   1   1
  57   6.99   70  0       1   1   1
  58   3.495   70  0       1   1   1
  59   6.99   70  5.00715       1   1   1
  60   3.495   70  5.00715       1   1   1
  61   6.99   75  0       1   1   1
  62   3.495   75  0       1   1   1
  63   6.99   75  5.00715       1   1   1
  64   3.495   75  5.00715       1   1   1
  65   6.99   80  0       1   1   1
  66   3.495   80  0       1   1   1
  67   6.99   80  5.00715       1   1   1
  68   3.495   80  5.00715       1   1   1
  69   6.99   85  0       1   1   1
  70   3.495   85  0       1   1   1
  71   6.99   85  5.00715       1   1   1
  72   3.495   85  5.00715       1   1   1
  73   6.99   90  0       1   1   1
  74   3.495   90  0       1   1   1
  75   6.99   90  5.00715       1   1   1
  76   3.495   90  5.00715       1   1   1
  77   6.99   95  0       1   1   1
  78   3.495   95  0       1   1   1
  79   6.99   95  5.00715       1   1   1
  80   3.495   95  5.00715       1   1   1
  81   6.99   100  0       1   1   1
  82   3.495   100  0       1   1   1
  83   6.99   100  5.00715       1   1   1
  84   3.495   100  5.00715       1   1   1
  85   6.99   105  0       1   1   1
  86   3.495   105  0       1   1   1
  87   6.99   105  5.00715       1   1   1
  88   3.495   105  5.00715       1   1   1
  89   6.99   110  0       1   1   1
  90   3.495   110  0       1   1   1
  91   6.99   110  5.00715       1   1   1
  92   3.495   110  5.00715       1   1   1
  93   6.99   115  0       1   1   1
  94   3.495   115  0       1   1   1
  95   6.99   115  5.00715       1   1   1
  96   3.495   115  5.00715       1   1   1
  97   6.99   120  0       1   1   1
  98   3.495   120  0       1   1   1
  99   6.99   120  5.00715       1   1   1
  100   3.495   120  5.00715       1   1   1
  101   6.99   125  0       1   1   1
  102   3.495   125  0       1   1   1
  103   6.99   125  5.00715       1   1   1
  104   3.495   125  5.00715       1   1   1
  105   6.99   130  0       1   1   1
  106   3.495   130  0       1   1   1
  107   6.99   130  5.00715       1   1   1
  108   3.495   130  5.00715       1   1   1
  109   6.99   135  0       1   1   1
  110   3.495   135  0       1   1   1
  111   6.99   135  5.00715       1   1   1
  112   3.495   135  5.00715       1   1   1
  113   6.99   140  0       1   1   1
  114   3.495   140  0       1   1   1
  115   6.99   140  5.00715       1   1   1
  116   3.495   140  5.00715       1   1   1
  117   6.99   145  0       1   1   1
  118   3.495   145  0       1   1   1
  119   6.99   145  5.00715       1   1   1
  120   3.495   145  5.00715       1   1   1
  121   6.99   150  0       1   1   1
  122   3.495   150  0       1   1   1
  123   6.99   150  5.00715       1   1   1
  124   3.495   150  5.00715       1   1   1
  125   6.99   155  0       1   1   1
  126   3.495   155  0       1   1   1
  127   6.99   155  5.00715       1   1   1
  128   3.495   155  5.00715       1   1   1
  129   6.99   160  0       1   1   1
  130   3.495   160  0       1   1   1
  131   6.99   160  5.00715       1   1   1
  132   3.495   160  5.00715       1   1   1
  133   6.99   165  0       1   1   1
  134   3.495   165  0       1   1   1
  135   6.99   165  5.00715       1   1   1
  136   3.495   165  5.00715       1   1   1
  137   6.99   170  0       1   1   1
  138   3.495   170  0       1   1   1
  139   6.99   170  5.00715       1   1   1
  140   3.495   170  5.00715       1   1   1
  141   6.99   175  0       1   1   1
  142   3.495   175  0       1   1   1
  143   6.99   175  5.00715       1   1   1
  144   3.495   175  5.00715       1   1   1
  145   6.99   180  0       1   1   1
  146   3.495   180  0       1   1   1
  147   6.99   180  5.00715       1   1   1
  148   3.495   180  5.00715       1   1   1
  149   6.99   185  0       1   1   1
  150   3.495   185  0       1   1   1
  151   6.99   185  5.00715       1   1   1
  152   3.495   185  5.00715       1   1   1
  153   6.99   190  0       1   1   1
  154   3.495   190  0       1   1   1
  155   6.99   190  5.00715       1   1   1
  156   3.495   190  5.00715       1   1   1
  157   6.99   195  0       1   1   1
  158   3.495   195  0       1   1   1
  159   6.99   195  5.00715       1   1   1
  160   3.495   195  5.00715       1   1   1
  161   6.99   200  0       1   1   1
  162   3.495   200  0       1   1   1
  163   6.99   200  5.00715       1   1   1
  164   3.495   200  5.00715       1   1   1
  165   6.99   205  0       1   1   1
  166   3.495   205  0       1   1   1
  167   6.99   205  5.00715       1   1   1
  168   3.495   205  5.00715       1   1   1
  169   6.99   210  0       1   1   1
  170   3.495   210  0       1   1   1
  171   6.99   210  5.00715       1   1   1
  172   3.495   210  5.00715       1   1   1
  173   6.99   215  0       1   1   1
  174   3.495   215  0       1   1   1
  175   6.99   215  5.00715       1   1   1
  176   3.495   215  5.00715       1   1   1
  177   6.99   220  0       1   1   1
  178   3.495   220  0       1   1   1
  179   6.99   220  5.00715       1   1   1
  180   3.495   220  5.00715       1   1   1
  181   6.99   225  0       1   1   1
  182   3.495   225  0       1   1   1
  183   6.99   225  5.00715       1   1   1
  184   3.495   225  5.00715       1   1   1
  185   6.99   230  0       1   1   1
  186   3.495   230  0       1   1   1
  187   6.99   230  5.00715       1   1   1
  188   3.495   230  5.00715       1   1   1
  189   6.99   235  0       1   1   1
  190   3.495   235  0       1   1   1
  191   6.99   235  5.00715       1   1   1
  192   3.495   235  5.00715       1   1   1
  193   6.99   240  0       1   1   1
  194   3.495   240  0       1   1   1
  195   6.99   240  5.00715       1   1   1
  196   3.495   240  5.00715       1   1   1
  197   6.99   245  0       1   1   1
  198   3.495   245  0       1   1   1
  199   6.99   245  5.00715       1   1   1
  200   3.495   245  5.00715       1   1   1
  201   6.99   250  0       1   1   1
  202   3.495   250  0       1   1   1
  203   6.99   250  5.00715       1   1   1
  204   3.495   250  5.00715       1   1   1
  205   6.99   255  0       1   1   1
  206   3.495   255  0       1   1   1
  207   6.99   255  5.00715       1   1   1
  208   3.495   255  5.00715       1   1   1
  209   6.99   260  0       1   1   1
  210   3.495   260  0       1   1   1
  211   6.99   260  5.00715       1   1   1
  212   3.495   260  5.00715       1   1   1
  213   6.99   265  0       1   1   1
  214   3.495   265  0       1   1   1
  215   6.99   265  5.00715       1   1   1
  216   3.495   265  5.00715       1   1   1
  217   6.99   270  0       1   1   1
  218   3.495   270  0       1   1   1
  219   6.99   270  5.00715       1   1   1
  220   3.495   270  5.00715       1   1   1
  221   6.99   275  0       1   1   1
  222   3.495   275  0       1   1   1
  223   6.99   275  5.00715       1   1   1
  224   3.495   275  5.00715       1   1   1
  225   6.99   280  0       1   1   1
  226   3.495   280  0       1   1   1
  227   6.99   280  5.00715       1   1   1
  228   3.495   280  5.00715       1   1   1
  229   6.99   285  0       1   1   1
  230   3.495   285  0       1   1   1
  231   6.99   285  5.00715       1   1   1
  232   3.495   285  5.00715       1   1   1
  233   6.99   290  0       1   1   1
  234   3.495   290  0       1   1   1
  235   6.99   290  5.00715       1   1   1
  236   3.495   290  5.00715       1   1   1
  237   6.99   295  0       1   1   1
  238   3.495   295  0       1   1   1
  239   6.99   295  5.00715       1   1   1
  240   3.495   295  5.00715       1   1   1
  241   6.99   300  0       1   1   1
  242   3.495   300  0       1   1   1
  243   6.99   300  5.00715       1   1   1
  244   3.495   300  5.00715       1   1   1
  245   6.99   305  0       1   1   1
  246   3.495   305  0       1   1   1
  247   6.99   305  5.00715       1   1   1
  248   3.495   305  5.00715       1   1   1
  249   6.99   310  0       1   1   1
  250   3.495   310  0       1   1   1
  251   6.99   310  5.00715       1   1   1
  252   3.495   310  5.00715       1   1   1
  253   6.99   315  0       1   1   1
  254   3.495   315  0       1   1   1
  255   6.99   315  5.00715       1   1   1
  256   3.495   315  5.00715       1   1   1
  257   6.99   320  0       1   1   1
  258   3.495   320  0       1   1   1
  259   6.99   320  5.00715       1   1   1
  260   3.495   320  5.00715       1   1   1
  261   6.99   325  0       1   1   1
  262   3.495   325  0       1   1   1
  263   6.99   325  5.00715       1   1   1
  264   3.495   325  5.00715       1   1   1
  265   6.99   330  0       1   1   1
  266   3.495   330  0       1   1   1
  267   6.99   330  5.00715       1   1   1
  268   3.495   330  5.00715       1   1   1
  269   6.99   335  0       1   1   1
  270   3.495   335  0       1   1   1
  271   6.99   335  5.00715       1   1   1
  272   3.495   335  5.00715       1   1   1
  273   6.99   340  0       1   1   1
  274   3.495   340  0       1   1   1
  275   6.99   340  5.00715       1   1   1
  276   3.495   340  5.00715       1   1   1
  277   6.99   345  0       1   1   1
  278   3.495   345  0       1   1   1
  279   6.99   345  5.00715       1   1   1
  280   3.495   345  5.00715       1   1   1
  281   6.99   350  0       1   1   1
  282   3.495   350  0       1   1   1
  283   6.99   350  5.00715       1   1   1
  284   3.495   350  5.00715       1   1   1
  285   6.99   355  0       1   1   1
  286   3.495   355  0       1   1   1
  287   6.99   355  5.00715       1   1   1
  288   3.495   355  5.00715       1   1   1
  289   6.99   360  0       1   1   1
  290   3.495   360  0       1   1   1
  291   6.99   360  5.00715       1   1   1
  292   3.495   360  5.00715       1   1   1
  293   6.99   365  0       1   1   1
  294   3.495   365  0       1   1   1
  295   6.99   365  5.00715       1   1   1
  296   3.495   365  5.00715       1   1   1
  297   6.99   370  0       1   1   1
  298   3.495   370  0       1   1   1
  299   6.99   370  5.00715       1   1   1
  300   3.495   370  5.00715       1   1   1
  301   6.99   375  0       1   1   1
  302   3.495   375  0       1   1   1
  303   6.99   375  5.00715       1   1   1
  304   3.495   375  5.00715       1   1   1
  305   6.99   380  0       1   1   1
  306   3.495   380  0       1   1   1
  307   6.99   380  5.00715       1   1   1
  308   3.495   380  5.00715       1   1   1
  309   6.99   385  0       1   1   1
  310   3.495   385  0       1   1   1
  311   6.99   385  5.00715       1   1   1
  312   3.495   385  5.00715       1   1   1
  313   6.99   390  0       1   1   1
  314   3.495   390  0       1   1   1
  315   6.99   390  5.00715       1   1   1
  316   3.495   390  5.00715       1   1   1
  317   6.99   395  0       1   1   1
  318   3.495   395  0       1   1   1
  319   6.99   395  5.00715       1   1   1
  320   3.495   395  5.00715       1   1   1
  321   6.99   400  0       1   1   1
  322   3.495   400  0       1   1   1
  323   6.99   400  5.00715       1   1   1
  324   3.495   400  5.00715       1   1   1
!  END NODES 
&
!  ======================================================
ELEM
   6  ! 2pt and 8pt isoparametric hexahedrons
!  id    n1 n2 n3 n4     n5 n6 n7 n8    material 
! USE_2PT_RULE ! enable 2pt quadrature by default
1 1 2 3 4 5 6 7 8 1
2 4 3 9 10 8 7 11 12 1
3 10 9 13 14 12 11 15 16 1
4 14 13 17 18 16 15 19 20 1
5 18 17 21 22 20 19 23 24 1
6 22 21 25 26 24 23 27 28 1
7 26 25 29 30 28 27 31 32 1
8 30 29 33 34 32 31 35 36 1
9 34 33 37 38 36 35 39 40 1
10 38 37 41 42 40 39 43 44 1
11 42 41 45 46 44 43 47 48 1
12 46 45 49 50 48 47 51 52 1
13 50 49 53 54 52 51 55 56 1
14 54 53 57 58 56 55 59 60 1
15 58 57 61 62 60 59 63 64 1
16 62 61 65 66 64 63 67 68 1
17 66 65 69 70 68 67 71 72 1
18 70 69 73 74 72 71 75 76 1
19 74 73 77 78 76 75 79 80 1
20 78 77 81 82 80 79 83 84 1
21 82 81 85 86 84 83 87 88 1
22 86 85 89 90 88 87 91 92 1
23 90 89 93 94 92 91 95 96 1
24 94 93 97 98 96 95 99 100 1
25 98 97 101 102 100 99 103 104 1
26 102 101 105 106 104 103 107 108 1
27 106 105 109 110 108 107 111 112 1
28 110 109 113 114 112 111 115 116 1
29 114 113 117 118 116 115 119 120 1
30 118 117 121 122 120 119 123 124 1
31 122 121 125 126 124 123 127 128 1
32 126 125 129 130 128 127 131 132 1
33 130 129 133 134 132 131 135 136 1
34 134 133 137 138 136 135 139 140 1
35 138 137 141 142 140 139 143 144 1
36 142 141 145 146 144 143 147 148 1
37 146 145 149 150 148 147 151 152 1
38 150 149 153 154 152 151 155 156 1
39 154 153 157 158 156 155 159 160 1
40 158 157 161 162 160 159 163 164 1
41 162 161 165 166 164 163 167 168 1
42 166 165 169 170 168 167 171 172 1
43 170 169 173 174 172 171 175 176 1
44 174 173 177 178 176 175 179 180 1
45 178 177 181 182 180 179 183 184 1
46 182 181 185 186 184 183 187 188 1
47 186 185 189 190 188 187 191 192 1
48 190 189 193 194 192 191 195 196 1
49 194 193 197 198 196 195 199 200 1
50 198 197 201 202 200 199 203 204 1
51 202 201 205 206 204 203 207 208 1
52 206 205 209 210 208 207 211 212 1
53 210 209 213 214 212 211 215 216 1
54 214 213 217 218 216 215 219 220 1
55 218 217 221 222 220 219 223 224 1
56 222 221 225 226 224 223 227 228 1
57 226 225 229 230 228 227 231 232 1
58 230 229 233 234 232 231 235 236 1
59 234 233 237 238 236 235 239 240 1
60 238 237 241 242 240 239 243 244 1
61 242 241 245 246 244 243 247 248 1
62 246 245 249 250 248 247 251 252 1
63 250 249 253 254 252 251 255 256 1
64 254 253 257 258 256 255 259 260 1
65 258 257 261 262 260 259 263 264 1
66 262 261 265 266 264 263 267 268 1
67 266 265 269 270 268 267 271 272 1
68 270 269 273 274 272 271 275 276 1
69 274 273 277 278 276 275 279 280 1
70 278 277 281 282 280 279 283 284 1
71 282 281 285 286 284 283 287 288 1
72 286 285 289 290 288 287 291 292 1
73 290 289 293 294 292 291 295 296 1
74 294 293 297 298 296 295 299 300 1
75 298 297 301 302 300 299 303 304 1
76 302 301 305 306 304 303 307 308 1
77 306 305 309 310 308 307 311 312 1
78 310 309 313 314 312 311 315 316 1
79 314 313 317 318 316 315 319 320 1
80 318 317 321 322 320 319 323 324 1
!  END ELEM 
&
!  ======================================================= 
DispBC
1 vx "0" vy 0 vz 0 box 0 0 0 7 0 10.02 inflate 0.001
&
!  ======================================================= 
Loads
3 
DY 16.00 1 ! this should be a total force of 2500 units
3.495000 400 0  6.990000 400 5.007150 inflate 0.1 
&
!  ======================================================= 
HISTORY 
!  client_tag (N, E, W)     entity# (0 for energy (W)) 
W
N 124 ! point at [0.000000;100.000000;5.007150]
N 324 ! free end
I
!  END HISTORY 
&
!
!  ======================================================= 
REDUCTION 
  collect
     dt 0.02
  end
  use
     nmodes 2
  end
&
!  ======================================================= 
!  END DATA 
