unknown description
!  ======================================================= 
!     INPUT FILE FOR WASP; GENERATED BY HEXMESH 
!                (C) 1995 Petr Krysl 
! 
! #nodes #elements #materials #loads #time_funcs  
   395      224        1        0        1
!  ======================================================= 
OPTIONS 
!  option_tag (O, T, S)     value 
!  END OPTIONS 
&
!  ======================================================= 
MATERIAL 
   5  
!  id   E        nu    rho
   1   210000   0.3   7.85 
!  END MATERIAL 
&
!  ======================================================= 
TIME_FUNCTIONS 
  2  ! tabular 
! func#   #pairs 
   1        3
! time     val 
! Heaviside step function:
   0        1
   1        1
   10000000 1
!  END TIME_FUNCTIONS 
&
!  ======================================================= 
NODES
! id       x       y       z  CONSTRAIN: X  Y  Z (0=fix)
  1   -1.8e-05   11.58  17.07       1   1   1
  2   -1.05e-05   8.68501  17.07       1   1   1
  3   2.745   8.685  17.07       1   1   1
  4   2.745   11.58  17.07       1   1   1
  5   -1.06667e-05   11.58  21.3267       1   1   1
  6   -6.33333e-06   8.685  21.3267       1   1   1
  7   2.74499   8.685  21.6358       1   1   1
  8   2.74499   11.58  21.6358       1   1   1
  9   -3.33333e-06   11.58  25.5833       1   1   1
  10   -2.16667e-06   8.68499  25.5833       1   1   1
  11   2.74499   8.685  26.2017       1   1   1
  12   2.74498   11.58  26.2017       1   1   1
  13   5.49001   8.68499  17.07       1   1   1
  14   5.49001   11.58  17.07       1   1   1
  15   5.48999   8.685  21.945       1   1   1
  16   5.48999   11.58  21.945       1   1   1
  17   5.48997   8.685  26.82       1   1   1
  18   5.48997   11.58  26.82       1   1   1
  19   -3e-06   5.79001  17.07       1   1   1
  20   2.745   5.79001  17.07       1   1   1
  21   -2e-06   5.79  21.3267       1   1   1
  22   2.74499   5.79  21.6358       1   1   1
  23   -1e-06   5.78999  25.5833       1   1   1
  24   2.74499   5.78999  26.2017       1   1   1
  25   5.49   5.79001  17.07       1   1   1
  26   5.48998   5.79  21.945       1   1   1
  27   5.48997   5.78999  26.82       1   1   1
  28   4.5e-06   2.89501  17.07       1   1   1
  29   2.745   2.89501  17.07       1   1   1
  30   2.33333e-06   2.895  21.3267       1   1   1
  31   2.74499   2.895  21.6358       1   1   1
  32   1.66667e-07   2.89499  25.5833       1   1   1
  33   2.74499   2.89499  26.2017       1   1   1
  34   5.48999   2.89502  17.07       1   1   1
  35   5.48998   2.895  21.945       1   1   1
  36   5.48997   2.89498  26.82       1   1   1
  37   1.2e-05   1.1e-05  17.07       1   1   1
  38   2.74499   1.95e-05  17.07       1   1   1
  39   6.66667e-06   1.33333e-06  21.3267       1   1   1
  40   2.74499   9.16667e-07  21.6358       1   1   1
  41   1.33333e-06   -8.33333e-06  25.5833       1   1   1
  42   2.74499   -1.76667e-05  26.2017       1   1   1
  43   5.48998   2.8e-05  17.07       1   1   1
  44   5.48997   5e-07  21.945       1   1   1
  45   5.48997   -2.7e-05  26.82       1   1   1
  46   3.33333e-07   11.58  27.7117       1   1   1
  47   -8.33333e-08   8.68499  27.7117       1   1   1
  48   2.79499   8.68499  28.0742       1   1   1
  49   2.795   11.58  28.0742       1   1   1
  50   4e-06   11.58  29.84       1   1   1
  51   2e-06   8.68498  29.84       1   1   1
  52   2.845   8.68499  29.9467       1   1   1
  53   2.84501   11.58  29.9467       1   1   1
  54   5.58999   8.685  28.4367       1   1   1
  55   5.58999   11.58  28.4367       1   1   1
  56   5.69   8.68499  30.0533       1   1   1
  57   5.69001   11.58  30.0534       1   1   1
  58   -5e-07   5.78999  27.7117       1   1   1
  59   2.79499   5.78999  28.0742       1   1   1
  60   0   5.78998  29.84       1   1   1
  61   2.845   5.78999  29.9467       1   1   1
  62   5.58998   5.78999  28.4367       1   1   1
  63   5.69   5.79  30.0533       1   1   1
  64   -9.16667e-07   2.89499  27.7117       1   1   1
  65   2.79499   2.89499  28.0742       1   1   1
  66   -2e-06   2.89498  29.84       1   1   1
  67   2.845   2.89499  29.9467       1   1   1
  68   5.58998   2.89499  28.4367       1   1   1
  69   5.68999   2.895  30.0533       1   1   1
  70   -1.33333e-06   -1.31667e-05  27.7117       1   1   1
  71   2.79499   -1.375e-05  28.0742       1   1   1
  72   -4e-06   -1.8e-05  29.84       1   1   1
  73   2.84499   -9.83333e-06  29.9467       1   1   1
  74   5.58998   -1.43333e-05  28.4367       1   1   1
  75   5.68999   -1.66667e-06  30.0533       1   1   1
  76   8.53499   8.68501  25.145       1   1   1
  77   8.53499   11.58  25.145       1   1   1
  78   8.535   8.68501  27.6525       1   1   1
  79   8.535   11.58  27.6525       1   1   1
  80   8.535   8.685  30.16       1   1   1
  81   8.53501   11.58  30.16       1   1   1
  82   11.58   8.68502  23.47       1   1   1
  83   11.58   11.58  23.47       1   1   1
  84   11.48   8.68501  26.8683       1   1   1
  85   11.48   11.58  26.8684       1   1   1
  86   11.38   8.685  30.2667       1   1   1
  87   11.38   11.58  30.2667       1   1   1
  88   8.53498   5.79001  25.145       1   1   1
  89   8.53499   5.79  27.6525       1   1   1
  90   8.535   5.79  30.16       1   1   1
  91   11.58   5.79002  23.47       1   1   1
  92   11.48   5.79001  26.8683       1   1   1
  93   11.38   5.79001  30.2667       1   1   1
  94   8.53498   2.895  25.145       1   1   1
  95   8.53498   2.895  27.6525       1   1   1
  96   8.53499   2.895  30.16       1   1   1
  97   11.58   2.89502  23.47       1   1   1
  98   11.48   2.89502  26.8683       1   1   1
  99   11.38   2.89501  30.2667       1   1   1
  100   8.53497   -5e-06  25.145       1   1   1
  101   8.53498   7.5e-07  27.6525       1   1   1
  102   8.53498   6.5e-06  30.16       1   1   1
  103   11.58   1.7e-05  23.47       1   1   1
  104   11.48   1.58333e-05  26.8683       1   1   1
  105   11.38   1.46667e-05  30.2667       1   1   1
  106   14.325   8.68502  22.2       1   1   1
  107   14.325   11.58  22.2       1   1   1
  108   14.275   8.68501  26.2867       1   1   1
  109   14.275   11.58  26.2867       1   1   1
  110   14.225   8.68501  30.3733       1   1   1
  111   14.225   11.58  30.3733       1   1   1
  112   17.07   8.68501  20.93       1   1   1
  113   17.07   11.58  20.93       1   1   1
  114   17.07   8.68501  25.705       1   1   1
  115   17.07   11.58  25.705       1   1   1
  116   17.07   8.68502  30.48       1   1   1
  117   17.07   11.58  30.48       1   1   1
  118   14.325   5.79002  22.2       1   1   1
  119   14.275   5.79002  26.2867       1   1   1
  120   14.225   5.79001  30.3733       1   1   1
  121   17.07   5.79002  20.93       1   1   1
  122   17.07   5.79002  25.705       1   1   1
  123   17.07   5.79002  30.48       1   1   1
  124   14.325   2.89502  22.2       1   1   1
  125   14.275   2.89502  26.2867       1   1   1
  126   14.225   2.89502  30.3733       1   1   1
  127   17.07   2.89502  20.93       1   1   1
  128   17.07   2.89502  25.705       1   1   1
  129   17.07   2.89503  30.48       1   1   1
  130   14.325   2.13333e-05  22.2       1   1   1
  131   14.275   2.20833e-05  26.2867       1   1   1
  132   14.225   2.28333e-05  30.3733       1   1   1
  133   17.07   2.56667e-05  20.93       1   1   1
  134   17.07   2.83333e-05  25.705       1   1   1
  135   17.07   3.1e-05  30.48       1   1   1
  136   12.5   10.08  -0.999998       1   1   1
  137   12.5   7.93502  -1       1   1   1
  138   12.65   7.93501  -1       1   1   1
  139   12.65   10.08  -1       1   1   1
  140   11.43   10.83  -0.499987       1   1   1
  141   11.43   8.31002  -0.499992       1   1   1
  142   11.9117   8.31001  -0.499995       1   1   1
  143   11.9117   10.83  -0.499991       1   1   1
  144   10.36   11.58  2.5e-05       1   1   1
  145   10.36   8.68501  1.6e-05       1   1   1
  146   11.1733   8.68501  1.20417e-05       1   1   1
  147   11.1733   11.58  2.03333e-05       1   1   1
  148   12.8   7.93501  -1       1   1   1
  149   12.8   10.08  -1.00001       1   1   1
  150   12.3933   8.31001  -0.499998       1   1   1
  151   12.3933   10.83  -0.499995       1   1   1
  152   11.9867   8.68501  8.08333e-06       1   1   1
  153   11.9867   11.58  1.56667e-05       1   1   1
  154   12.5   5.79001  -1       1   1   1
  155   12.65   5.79001  -1       1   1   1
  156   11.43   5.79001  -0.499998       1   1   1
  157   11.9117   5.79  -0.499999       1   1   1
  158   10.36   5.79  7e-06       1   1   1
  159   11.1733   5.79  3.75e-06       1   1   1
  160   12.8   5.79001  -1       1   1   1
  161   12.3933   5.79  -0.500001       1   1   1
  162   11.9867   5.79  5e-07       1   1   1
  163   12.5   3.64501  -1       1   1   1
  164   12.65   3.64501  -1       1   1   1
  165   11.43   3.27  -0.500003       1   1   1
  166   11.9117   3.27  -0.500003       1   1   1
  167   10.36   2.89499  -2e-06       1   1   1
  168   11.1733   2.89499  -4.54167e-06       1   1   1
  169   12.8   3.64501  -0.999999       1   1   1
  170   12.3933   3.27  -0.500003       1   1   1
  171   11.9867   2.89499  -7.08333e-06       1   1   1
  172   12.5   1.5  -1.00001       1   1   1
  173   12.65   1.5  -1       1   1   1
  174   11.43   0.749988  -0.500009       1   1   1
  175   11.9117   0.74999  -0.500007       1   1   1
  176   10.36   -2.4e-05  -1.1e-05       1   1   1
  177   11.1734   -2.31667e-05  -1.28333e-05       1   1   1
  178   12.8   1.50001  -0.999997       1   1   1
  179   12.3933   0.749992  -0.500006       1   1   1
  180   11.9867   -2.23333e-05  -1.46667e-05       1   1   1
  181   9.44499   11.58  0.915015       1   1   1
  182   9.445   8.68501  0.915011       1   1   1
  183   10.5633   8.68501  0.915007       1   1   1
  184   10.5633   11.58  0.915011       1   1   1
  185   8.53   11.58  1.83001       1   1   1
  186   8.53   8.68501  1.83001       1   1   1
  187   9.95334   8.68501  1.83       1   1   1
  188   9.95334   11.58  1.83       1   1   1
  189   11.6817   8.68501  0.915003       1   1   1
  190   11.6817   11.58  0.915006       1   1   1
  191   11.3767   8.68501  1.83       1   1   1
  192   11.3767   11.58  1.83       1   1   1
  193   9.445   5.79  0.915007       1   1   1
  194   10.5633   5.79  0.915003       1   1   1
  195   8.53   5.79001  1.83001       1   1   1
  196   9.95334   5.79001  1.83       1   1   1
  197   11.6817   5.79  0.914999       1   1   1
  198   11.3767   5.79001  1.83       1   1   1
  199   9.44501   2.895  0.915002       1   1   1
  200   10.5633   2.895  0.914998       1   1   1
  201   8.53   2.89501  1.83001       1   1   1
  202   9.95334   2.89501  1.83       1   1   1
  203   11.6817   2.895  0.914995       1   1   1
  204   11.3767   2.89501  1.83       1   1   1
  205   9.44501   -8.5e-06  0.914998       1   1   1
  206   10.5633   -7.41667e-06  0.914994       1   1   1
  207   8.53   7e-06  1.83001       1   1   1
  208   9.95333   8.33333e-06  1.83       1   1   1
  209   11.6817   -6.33333e-06  0.914991       1   1   1
  210   11.3767   9.66667e-06  1.83       1   1   1
  211   12.95   7.935  -1.00001       1   1   1
  212   12.95   10.08  -1.00001       1   1   1
  213   13.2817   8.31  -0.500003       1   1   1
  214   13.2817   10.83  -0.500002       1   1   1
  215   13.6133   8.68501  1.66667e-07       1   1   1
  216   13.6133   11.58  6.33333e-06       1   1   1
  217   13.1   7.93499  -1.00001       1   1   1
  218   13.1   10.08  -1.00001       1   1   1
  219   14.17   8.31  -0.500008       1   1   1
  220   14.17   10.83  -0.500008       1   1   1
  221   15.24   8.68501  -7.75e-06       1   1   1
  222   15.24   11.58  -3e-06       1   1   1
  223   12.95   5.79  -1       1   1   1
  224   13.2817   5.79  -0.500004       1   1   1
  225   13.6133   5.79  -6e-06       1   1   1
  226   13.1   5.79  -1       1   1   1
  227   14.17   5.79  -0.500007       1   1   1
  228   15.24   5.79  -1.25e-05       1   1   1
  229   12.95   3.64501  -0.999997       1   1   1
  230   13.2817   3.27  -0.500004       1   1   1
  231   13.6133   2.89499  -1.21667e-05       1   1   1
  232   13.1   3.64501  -0.999994       1   1   1
  233   14.17   3.27  -0.500005       1   1   1
  234   15.24   2.89499  -1.725e-05       1   1   1
  235   12.95   1.50001  -0.999992       1   1   1
  236   13.2817   0.749995  -0.500005       1   1   1
  237   13.6134   -2.06667e-05  -1.83333e-05       1   1   1
  238   13.1   1.50001  -0.999987       1   1   1
  239   14.17   0.749997  -0.500004       1   1   1
  240   15.24   -1.9e-05  -2.2e-05       1   1   1
  241   13.9183   8.68501  0.914994       1   1   1
  242   13.9183   11.58  0.914997       1   1   1
  243   14.2233   8.68501  1.82999       1   1   1
  244   14.2233   11.58  1.82999       1   1   1
  245   16.155   8.68501  0.914986       1   1   1
  246   16.155   11.58  0.914988       1   1   1
  247   17.07   8.685  1.82998       1   1   1
  248   17.07   11.58  1.82998       1   1   1
  249   13.9183   5.79  0.914991       1   1   1
  250   14.2233   5.79001  1.82999       1   1   1
  251   16.155   5.79  0.914983       1   1   1
  252   17.07   5.79001  1.82998       1   1   1
  253   13.9183   2.895  0.914987       1   1   1
  254   14.2233   2.89501  1.82999       1   1   1
  255   16.155   2.895  0.91498       1   1   1
  256   17.07   2.89501  1.82998       1   1   1
  257   13.9183   -4.16667e-06  0.914984       1   1   1
  258   14.2233   1.23333e-05  1.82999       1   1   1
  259   16.155   -2e-06  0.914977       1   1   1
  260   17.07   1.5e-05  1.82998       1   1   1
  261   8.53001   11.58  4.34501       1   1   1
  262   8.53   8.68501  4.34501       1   1   1
  263   9.96605   8.68501  4.44       1   1   1
  264   9.96605   11.58  4.44       1   1   1
  265   8.53001   11.58  6.86       1   1   1
  266   8.53001   8.68501  6.86001       1   1   1
  267   9.97875   8.68501  7.05       1   1   1
  268   9.97876   11.58  7.05       1   1   1
  269   11.4021   8.68501  4.535       1   1   1
  270   11.4021   11.58  4.535       1   1   1
  271   11.4275   8.68501  7.24       1   1   1
  272   11.4275   11.58  7.24       1   1   1
  273   8.53   5.79001  4.34501       1   1   1
  274   9.96604   5.79001  4.44       1   1   1
  275   8.53   5.79001  6.86001       1   1   1
  276   9.97875   5.79001  7.05001       1   1   1
  277   11.4021   5.79001  4.535       1   1   1
  278   11.4275   5.79001  7.24       1   1   1
  279   8.53   2.89501  4.34501       1   1   1
  280   9.96604   2.89501  4.44       1   1   1
  281   8.53   2.895  6.86001       1   1   1
  282   9.97875   2.89501  7.05001       1   1   1
  283   11.4021   2.89501  4.535       1   1   1
  284   11.4275   2.89501  7.24       1   1   1
  285   8.53   4.125e-06  4.34501       1   1   1
  286   9.96604   7.35417e-06  4.44       1   1   1
  287   8.53   1.25e-06  6.86001       1   1   1
  288   9.97875   6.375e-06  7.05001       1   1   1
  289   11.4021   1.05833e-05  4.535       1   1   1
  290   11.4275   1.15e-05  7.24       1   1   1
  291   14.236   8.68501  4.52546       1   1   1
  292   14.236   11.58  4.52546       1   1   1
  293   14.2488   8.68501  7.22093       1   1   1
  294   14.2488   11.58  7.22093       1   1   1
  295   17.07   8.685  4.51592       1   1   1
  296   17.07   11.58  4.51592       1   1   1
  297   17.07   8.685  7.20186       1   1   1
  298   17.07   11.58  7.20186       1   1   1
  299   14.236   5.79001  4.52546       1   1   1
  300   14.2488   5.79001  7.22093       1   1   1
  301   17.07   5.79001  4.51592       1   1   1
  302   17.07   5.79001  7.20186       1   1   1
  303   14.236   2.89501  4.52546       1   1   1
  304   14.2488   2.89501  7.22093       1   1   1
  305   17.07   2.89501  4.51592       1   1   1
  306   17.07   2.89501  7.20186       1   1   1
  307   14.236   1.35417e-05  4.52546       1   1   1
  308   14.2488   1.475e-05  7.22093       1   1   1
  309   17.07   1.65e-05  4.51592       1   1   1
  310   17.07   1.8e-05  7.20185       1   1   1
  311   11.4593   11.58  10.6213       1   1   1
  312   11.4593   8.68501  10.6213       1   1   1
  313   14.2646   8.68501  10.7022       1   1   1
  314   14.2646   11.58  10.7022       1   1   1
  315   11.4911   11.58  14.0025       1   1   1
  316   11.491   8.68502  14.0025       1   1   1
  317   14.2805   8.68501  14.1834       1   1   1
  318   14.2805   11.58  14.1834       1   1   1
  319   17.07   8.68501  10.7831       1   1   1
  320   17.07   11.58  10.7831       1   1   1
  321   17.07   8.68501  14.3644       1   1   1
  322   17.07   11.58  14.3644       1   1   1
  323   11.4593   5.79001  10.6213       1   1   1
  324   14.2646   5.79001  10.7022       1   1   1
  325   11.491   5.79002  14.0025       1   1   1
  326   14.2805   5.79001  14.1834       1   1   1
  327   17.07   5.79001  10.7831       1   1   1
  328   17.07   5.79001  14.3644       1   1   1
  329   11.4593   2.89501  10.6213       1   1   1
  330   14.2646   2.89501  10.7022       1   1   1
  331   11.491   2.89501  14.0025       1   1   1
  332   14.2805   2.89502  14.1834       1   1   1
  333   17.07   2.89502  10.7831       1   1   1
  334   17.07   2.89502  14.3644       1   1   1
  335   11.4593   1.26458e-05  10.6213       1   1   1
  336   14.2646   1.63229e-05  10.7022       1   1   1
  337   11.491   1.37917e-05  14.0025       1   1   1
  338   14.2805   1.78958e-05  14.1834       1   1   1
  339   17.07   2e-05  10.7831       1   1   1
  340   17.07   2.2e-05  14.3644       1   1   1
  341   11.5355   11.58  18.7363       1   1   1
  342   11.5355   8.68502  18.7363       1   1   1
  343   14.3028   8.68501  18.1917       1   1   1
  344   14.3028   11.58  18.1917       1   1   1
  345   17.07   8.68501  17.6472       1   1   1
  346   17.07   11.58  17.6472       1   1   1
  347   11.5355   5.79002  18.7363       1   1   1
  348   14.3028   5.79002  18.1917       1   1   1
  349   17.07   5.79001  17.6472       1   1   1
  350   11.5355   2.89502  18.7363       1   1   1
  351   14.3028   2.89502  18.1917       1   1   1
  352   17.07   2.89502  17.6472       1   1   1
  353   11.5355   1.53958e-05  18.7363       1   1   1
  354   14.3027   1.96146e-05  18.1917       1   1   1
  355   17.07   2.38333e-05  17.6472       1   1   1
  356   8.53001   11.58  10.0038       1   1   1
  357   8.53001   8.68501  10.0038       1   1   1
  358   9.99464   8.68501  10.3125       1   1   1
  359   9.99464   11.58  10.3125       1   1   1
  360   8.53001   11.58  13.1475       1   1   1
  361   8.53001   8.68501  13.1475       1   1   1
  362   10.0105   8.68501  13.575       1   1   1
  363   10.0105   11.58  13.575       1   1   1
  364   8.53001   5.79  10.0038       1   1   1
  365   9.99464   5.79001  10.3125       1   1   1
  366   8.53001   5.79  13.1475       1   1   1
  367   10.0105   5.79001  13.575       1   1   1
  368   8.53   2.895  10.0038       1   1   1
  369   9.99464   2.89501  10.3125       1   1   1
  370   8.53001   2.895  13.1475       1   1   1
  371   10.0105   2.89501  13.575       1   1   1
  372   8.53   -2.34375e-06  10.0038       1   1   1
  373   9.99463   5.15104e-06  10.3125       1   1   1
  374   8.53   -5.9375e-06  13.1475       1   1   1
  375   10.0105   3.92708e-06  13.575       1   1   1
  376   8.62533   11.58  17.5963       1   1   1
  377   8.6015   8.685  17.5844       1   1   1
  378   10.0685   8.68501  18.1603       1   1   1
  379   10.0804   11.58  18.1663       1   1   1
  380   8.72064   11.58  22.045       1   1   1
  381   8.67298   8.685  22.0213       1   1   1
  382   10.1265   8.68501  22.7456       1   1   1
  383   10.1503   11.58  22.7575       1   1   1
  384   8.57767   5.79  17.5725       1   1   1
  385   10.0566   5.79001  18.1544       1   1   1
  386   8.62532   5.79  21.9975       1   1   1
  387   10.1027   5.79001  22.7338       1   1   1
  388   8.55384   2.89499  17.5606       1   1   1
  389   10.0447   2.89501  18.1485       1   1   1
  390   8.57767   2.89499  21.9738       1   1   1
  391   10.0788   2.895  22.7219       1   1   1
  392   8.53001   -1.09688e-05  17.5488       1   1   1
  393   10.0328   2.21354e-06  18.1425       1   1   1
  394   8.53001   -1.6e-05  21.95       1   1   1
  395   10.055   5e-07  22.71       1   1   1
!  END NODES 
&
!  ======================================================
ELEM
   6  ! 2pt and 8pt isoparametric hexahedrons
!  id    n1 n2 n3 n4     n5 n6 n7 n8    material 
USE_2PT_RULE ! enable 2pt quadrature by default
1 1 2 3 4 5 6 7 8 1
2 5 6 7 8 9 10 11 12 1
3 4 3 13 14 8 7 15 16 1
4 8 7 15 16 12 11 17 18 1
5 2 19 20 3 6 21 22 7 1
6 6 21 22 7 10 23 24 11 1
7 3 20 25 13 7 22 26 15 1
8 7 22 26 15 11 24 27 17 1
9 19 28 29 20 21 30 31 22 1
10 21 30 31 22 23 32 33 24 1
11 20 29 34 25 22 31 35 26 1
12 22 31 35 26 24 33 36 27 1
13 28 37 38 29 30 39 40 31 1
14 30 39 40 31 32 41 42 33 1
15 29 38 43 34 31 40 44 35 1
16 31 40 44 35 33 42 45 36 1
17 9 10 11 12 46 47 48 49 1
18 46 47 48 49 50 51 52 53 1
19 12 11 17 18 49 48 54 55 1
20 49 48 54 55 53 52 56 57 1
21 10 23 24 11 47 58 59 48 1
22 47 58 59 48 51 60 61 52 1
23 11 24 27 17 48 59 62 54 1
24 48 59 62 54 52 61 63 56 1
25 23 32 33 24 58 64 65 59 1
26 58 64 65 59 60 66 67 61 1
27 24 33 36 27 59 65 68 62 1
28 59 65 68 62 61 67 69 63 1
29 32 41 42 33 64 70 71 65 1
30 64 70 71 65 66 72 73 67 1
31 33 42 45 36 65 71 74 68 1
32 65 71 74 68 67 73 75 69 1
33 18 17 76 77 55 54 78 79 1
34 55 54 78 79 57 56 80 81 1
35 77 76 82 83 79 78 84 85 1
36 79 78 84 85 81 80 86 87 1
37 17 27 88 76 54 62 89 78 1
38 54 62 89 78 56 63 90 80 1
39 76 88 91 82 78 89 92 84 1
40 78 89 92 84 80 90 93 86 1
41 27 36 94 88 62 68 95 89 1
42 62 68 95 89 63 69 96 90 1
43 88 94 97 91 89 95 98 92 1
44 89 95 98 92 90 96 99 93 1
45 36 45 100 94 68 74 101 95 1
46 68 74 101 95 69 75 102 96 1
47 94 100 103 97 95 101 104 98 1
48 95 101 104 98 96 102 105 99 1
49 83 82 106 107 85 84 108 109 1
50 85 84 108 109 87 86 110 111 1
51 107 106 112 113 109 108 114 115 1
52 109 108 114 115 111 110 116 117 1
53 82 91 118 106 84 92 119 108 1
54 84 92 119 108 86 93 120 110 1
55 106 118 121 112 108 119 122 114 1
56 108 119 122 114 110 120 123 116 1
57 91 97 124 118 92 98 125 119 1
58 92 98 125 119 93 99 126 120 1
59 118 124 127 121 119 125 128 122 1
60 119 125 128 122 120 126 129 123 1
61 97 103 130 124 98 104 131 125 1
62 98 104 131 125 99 105 132 126 1
63 124 130 133 127 125 131 134 128 1
64 125 131 134 128 126 132 135 129 1
65 136 137 138 139 140 141 142 143 1
66 140 141 142 143 144 145 146 147 1
67 139 138 148 149 143 142 150 151 1
68 143 142 150 151 147 146 152 153 1
69 137 154 155 138 141 156 157 142 1
70 141 156 157 142 145 158 159 146 1
71 138 155 160 148 142 157 161 150 1
72 142 157 161 150 146 159 162 152 1
73 154 163 164 155 156 165 166 157 1
74 156 165 166 157 158 167 168 159 1
75 155 164 169 160 157 166 170 161 1
76 157 166 170 161 159 168 171 162 1
77 163 172 173 164 165 174 175 166 1
78 165 174 175 166 167 176 177 168 1
79 164 173 178 169 166 175 179 170 1
80 166 175 179 170 168 177 180 171 1
81 144 145 146 147 181 182 183 184 1
82 181 182 183 184 185 186 187 188 1
83 147 146 152 153 184 183 189 190 1
84 184 183 189 190 188 187 191 192 1
85 145 158 159 146 182 193 194 183 1
86 182 193 194 183 186 195 196 187 1
87 146 159 162 152 183 194 197 189 1
88 183 194 197 189 187 196 198 191 1
89 158 167 168 159 193 199 200 194 1
90 193 199 200 194 195 201 202 196 1
91 159 168 171 162 194 200 203 197 1
92 194 200 203 197 196 202 204 198 1
93 167 176 177 168 199 205 206 200 1
94 199 205 206 200 201 207 208 202 1
95 168 177 180 171 200 206 209 203 1
96 200 206 209 203 202 208 210 204 1
97 149 148 211 212 151 150 213 214 1
98 151 150 213 214 153 152 215 216 1
99 212 211 217 218 214 213 219 220 1
100 214 213 219 220 216 215 221 222 1
101 148 160 223 211 150 161 224 213 1
102 150 161 224 213 152 162 225 215 1
103 211 223 226 217 213 224 227 219 1
104 213 224 227 219 215 225 228 221 1
105 160 169 229 223 161 170 230 224 1
106 161 170 230 224 162 171 231 225 1
107 223 229 232 226 224 230 233 227 1
108 224 230 233 227 225 231 234 228 1
109 169 178 235 229 170 179 236 230 1
110 170 179 236 230 171 180 237 231 1
111 229 235 238 232 230 236 239 233 1
112 230 236 239 233 231 237 240 234 1
113 153 152 215 216 190 189 241 242 1
114 190 189 241 242 192 191 243 244 1
115 216 215 221 222 242 241 245 246 1
116 242 241 245 246 244 243 247 248 1
117 152 162 225 215 189 197 249 241 1
118 189 197 249 241 191 198 250 243 1
119 215 225 228 221 241 249 251 245 1
120 241 249 251 245 243 250 252 247 1
121 162 171 231 225 197 203 253 249 1
122 197 203 253 249 198 204 254 250 1
123 225 231 234 228 249 253 255 251 1
124 249 253 255 251 250 254 256 252 1
125 171 180 237 231 203 209 257 253 1
126 203 209 257 253 204 210 258 254 1
127 231 237 240 234 253 257 259 255 1
128 253 257 259 255 254 258 260 256 1
129 185 186 187 188 261 262 263 264 1
130 261 262 263 264 265 266 267 268 1
131 188 187 191 192 264 263 269 270 1
132 264 263 269 270 268 267 271 272 1
133 186 195 196 187 262 273 274 263 1
134 262 273 274 263 266 275 276 267 1
135 187 196 198 191 263 274 277 269 1
136 263 274 277 269 267 276 278 271 1
137 195 201 202 196 273 279 280 274 1
138 273 279 280 274 275 281 282 276 1
139 196 202 204 198 274 280 283 277 1
140 274 280 283 277 276 282 284 278 1
141 201 207 208 202 279 285 286 280 1
142 279 285 286 280 281 287 288 282 1
143 202 208 210 204 280 286 289 283 1
144 280 286 289 283 282 288 290 284 1
145 192 191 243 244 270 269 291 292 1
146 270 269 291 292 272 271 293 294 1
147 244 243 247 248 292 291 295 296 1
148 292 291 295 296 294 293 297 298 1
149 191 198 250 243 269 277 299 291 1
150 269 277 299 291 271 278 300 293 1
151 243 250 252 247 291 299 301 295 1
152 291 299 301 295 293 300 302 297 1
153 198 204 254 250 277 283 303 299 1
154 277 283 303 299 278 284 304 300 1
155 250 254 256 252 299 303 305 301 1
156 299 303 305 301 300 304 306 302 1
157 204 210 258 254 283 289 307 303 1
158 283 289 307 303 284 290 308 304 1
159 254 258 260 256 303 307 309 305 1
160 303 307 309 305 304 308 310 306 1
161 272 271 293 294 311 312 313 314 1
162 311 312 313 314 315 316 317 318 1
163 294 293 297 298 314 313 319 320 1
164 314 313 319 320 318 317 321 322 1
165 271 278 300 293 312 323 324 313 1
166 312 323 324 313 316 325 326 317 1
167 293 300 302 297 313 324 327 319 1
168 313 324 327 319 317 326 328 321 1
169 278 284 304 300 323 329 330 324 1
170 323 329 330 324 325 331 332 326 1
171 300 304 306 302 324 330 333 327 1
172 324 330 333 327 326 332 334 328 1
173 284 290 308 304 329 335 336 330 1
174 329 335 336 330 331 337 338 332 1
175 304 308 310 306 330 336 339 333 1
176 330 336 339 333 332 338 340 334 1
177 315 316 317 318 341 342 343 344 1
178 341 342 343 344 83 82 106 107 1
179 318 317 321 322 344 343 345 346 1
180 344 343 345 346 107 106 112 113 1
181 316 325 326 317 342 347 348 343 1
182 342 347 348 343 82 91 118 106 1
183 317 326 328 321 343 348 349 345 1
184 343 348 349 345 106 118 121 112 1
185 325 331 332 326 347 350 351 348 1
186 347 350 351 348 91 97 124 118 1
187 326 332 334 328 348 351 352 349 1
188 348 351 352 349 118 124 127 121 1
189 331 337 338 332 350 353 354 351 1
190 350 353 354 351 97 103 130 124 1
191 332 338 340 334 351 354 355 352 1
192 351 354 355 352 124 130 133 127 1
193 265 266 267 268 356 357 358 359 1
194 356 357 358 359 360 361 362 363 1
195 268 267 271 272 359 358 312 311 1
196 359 358 312 311 363 362 316 315 1
197 266 275 276 267 357 364 365 358 1
198 357 364 365 358 361 366 367 362 1
199 267 276 278 271 358 365 323 312 1
200 358 365 323 312 362 367 325 316 1
201 275 281 282 276 364 368 369 365 1
202 364 368 369 365 366 370 371 367 1
203 276 282 284 278 365 369 329 323 1
204 365 369 329 323 367 371 331 325 1
205 281 287 288 282 368 372 373 369 1
206 368 372 373 369 370 374 375 371 1
207 282 288 290 284 369 373 335 329 1
208 369 373 335 329 371 375 337 331 1
209 360 361 362 363 376 377 378 379 1
210 376 377 378 379 380 381 382 383 1
211 363 362 316 315 379 378 342 341 1
212 379 378 342 341 383 382 82 83 1
213 361 366 367 362 377 384 385 378 1
214 377 384 385 378 381 386 387 382 1
215 362 367 325 316 378 385 347 342 1
216 378 385 347 342 382 387 91 82 1
217 366 370 371 367 384 388 389 385 1
218 384 388 389 385 386 390 391 387 1
219 367 371 331 325 385 389 350 347 1
220 385 389 350 347 387 391 97 91 1
221 370 374 375 371 388 392 393 389 1
222 388 392 393 389 390 394 395 391 1
223 371 375 337 331 389 393 353 350 1
224 389 393 353 350 391 395 103 97 1
!  END ELEM 
&
!  ======================================================= 
LOADS 
! load type (1 = nodal) 
! node#  dir (0-5)  amplitude  #time_func 
!  END LOADS 
&
!  ======================================================= 
! OUTPUT REQUESTS 
! vertex# 
!  END OUTPUT REQUESTS 
!  ======================================================= 
HISTORY 
!  client_tag (N, E, W)     entity# (0 for energy (W)) 
!  END HISTORY 
&
!  END DATA 
