

CURVE 1 LINE -36.000000 21.000000 -36.000000 -7.000000

CURVE 2 LINE -36.000000 -7.000000 -30.000000 -18.000000

CURVE 3 LINE -30.000000 -18.000000 -17.000000 -18.000000

CURVE 4 LINE -17.000000 -18.000000 -11.000000 -11.000000

CURVE 5 LINE -11.000000 -11.000000 -5.000000 -18.000000

CURVE 6 LINE -5.000000 -18.000000 16.000000 -18.000000

CURVE 7 LINE 16.000000 -18.000000 23.000000 -11.000000

CURVE 8 LINE 23.000000 -11.000000 23.000000 -18.000000

CURVE 9 LINE 23.000000 -18.000000 39.000000 -18.000000

CURVE 10 LINE 39.000000 -18.000000 43.000000 -11.000000

CURVE 11 LINE 43.000000 -11.000000 43.000000 16.000000

CURVE 12 LINE 43.000000 16.000000 38.000000 23.000000

CURVE 13 LINE 38.000000 23.000000 13.000000 23.000000

CURVE 14 LINE 13.000000 23.000000 7.000000 19.000000

CURVE 15 LINE 7.000000 19.000000 7.000000 8.000000

CURVE 16 LINE 7.000000 8.000000 15.000000 -1.000000

CURVE 17 LINE 15.000000 -1.000000 15.000000 -9.000000

CURVE 18 LINE 15.000000 -9.000000 9.000000 -10.000000

CURVE 19 LINE 9.000000 -10.000000 1.000000 -10.000000

CURVE 20 LINE 1.000000 -10.000000 -5.000000 -5.000000

CURVE 21 LINE -5.000000 -5.000000 -4.000000 14.000000

CURVE 22 LINE -4.000000 14.000000 1.000000 19.000000

CURVE 23 LINE 1.000000 19.000000 5.000000 19.000000

CURVE 24 LINE 5.000000 19.000000 5.000000 27.000000

CURVE 25 LINE 5.000000 27.000000 -4.000000 26.000000

CURVE 26 LINE -4.000000 26.000000 -11.000000 20.000000

CURVE 27 LINE -11.000000 20.000000 -18.000000 20.000000

CURVE 28 LINE -18.000000 20.000000 -18.000000 -7.000000

CURVE 29 LINE -18.000000 -7.000000 -22.000000 -12.000000

CURVE 30 LINE -22.000000 -12.000000 -27.000000 -7.000000

CURVE 31 LINE -27.000000 -7.000000 -28.000000 21.000000

CURVE 32 LINE -28.000000 21.000000 -36.000000 21.000000

CURVE 33 LINE 23.000000 1.000000 13.000000 13.000000

CURVE 34 LINE 13.000000 13.000000 17.000000 17.000000

CURVE 35 LINE 17.000000 17.000000 23.000000 17.000000

CURVE 36 LINE 23.000000 17.000000 23.000000 1.000000

CURVE 37 LINE 31.000000 17.000000 37.000000 13.000000

CURVE 38 LINE 37.000000 13.000000 37.000000 -9.000000

CURVE 39 LINE 37.000000 -9.000000 32.000000 -12.000000

CURVE 40 LINE 32.000000 -12.000000 31.000000 17.000000
subregion 1 property 1 boundary 1 2 3 4 5 6 7 8 9 10 11 12 13 14 15 16 17 18 19 20 21 22 23 24 25 26 27 28 29 30 31 32 33 34 35 36 37 38 39 40
m-ctl-point constant 2
