1.56055
24.9792
24.875
24.9792
24.875
25
25
25
1.5625
1.5625
1.5625
0.390381
1.5625
6.23437
6.23438
6.21875
6.2474
6.23438
6.21875
6.23437
6.2474
6.25
6.25
6.25
6.25
6.25
6.25
6.25
6.21875
6.2474
6.23438
6.25
6.25
6.21875
6.2474
6.23437
6.25
6.25
6.25
6.25
6.25
6.25
6.25
6.20312
6.20312
6.20313
6.20312
6.25
0.390137
1.5625
1.56055
1.56055
1.55859
1.5625
1.55859
0.0976257
1.56217
1.56055
1.5625
1.56055
1.56217
1.56055
1.5625
1.56217
1.5625
1.5625
1.5625
1.55859
1.5625
1.56217
1.5625
1.55859
1.56055
1.56055
1.5625
1.5625
1.5625
1.5625
1.5625
1.5625
1.5625
1.55664
1.55469
1.55664
1.55469
1.55664
1.55664
6.25
1.5625
1.5625
1.5625
1.5625
1.5625
1.5625
1.55469
1.55664
1.55664
0.390584
0.0976512
0.390381
0.390137
0.390625
0.390625
0.390625
0.390381
0.390625
0.390625
6.20313
0.389648
0.389893
0.390625
0.390625
0.390625
1.55664
1.55469
0.389893
0.389648
0.389648
0.390381
0.390584
0.390625
0.390381
0.390584
0.390381
0.390137
0.390625
0.390625
0.390625
0.390625
0.390625
0.389893
0.389893
0.389893
6.20313
0.0244141
0.389893
0.389893
0.389648
0.389893
0.390625
0.390625
0.390625
0.390625
0.390625
0.390625
1.55664
0.390381
0.0244064
0.390137
0.390584
0.390381
0.0244141
0.0976257
0.0976562
0.0975952
0.0976562
0.0976562
0.0976562
0.0976562
0.0976562
0.0976257
0.0976562
0.0976563
0.0976257
0.0976563
0.0976562
0.0975647
0.390625
0.0976562
0.0975647
0.0975342
0.390625
0.0976562
0.0976563
0.0975952
0.0976257
0.0976512
0.0975342
0.0976563
0.0976563
0.0976562
0.0976563
0.0976563
0.0975342
0.0975647
0.390625
0.0976563
0.0976562
0.0976562
0.390625
0.390625
0.390625
0.0976562
0.0976562
0.0975647
0.0976512
0.0976563
0.0976563
0.0976257
0.0975952
0.0976512
0.0976257
0.0975647
0.0975647
0.0975647
0.0975647
0.0975342
0.0975952
0.0976257
0.0976563
0.0244026
0.0244134
0.0244141
0.0244141
0.0244026
0.0243988
0.0244026
0.0244026
0.0244141
1.5625
1.5625
1.5625
0.0244102
0.0244064
0.0244102
0.0244141
0.0243988
0.0244141
0.0244141
1.5625
1.5625
1.5625
0.0244141
1.5625
1.5625
0.0244026
0.0244026
0.0244026
0.0243988
0.0244026
0.0243988
0.0244141
0.0244141
0.0244134
0.0244141
0.0244102
0.0244102
0.0244102
0.0244141
0.0244102
0.0244134
0.0244102
0.0244064
0.0244141
0.0244141
0.00152588
0.390584
1.5625
0.00152576
0.0244141
0.389893
0.0244141
0.0244064
0.390381
0.0244134
0.0244102
0.0244141
0.00610352
0.00610209
1.5625
1.5625
0.00610352
1.5625
0.00610352
0.389893
1.55273
0.390381
0.00610256
0.00610256
0.00610344
0.00610352
0.00610209
0.00610209
0.00610209
0.390137
1.55273
1.55273
1.55273
1.55273
1.55273
0.390584
0.00610352
0.00610352
0.00610304
0.00610344
0.00610256
0.00610344
0.00610304
0.00610304
0.00610352
0.00610352
0.00610344
0.00610352
0.00610352
0.00610352
0.00610352
0.00610209
0.00610209
0.00610256
0.00610304
1.55664
0.00610304
0.00610352
0.00610352
0.00610304
0.00610352
0.390381
0.00610352
1.55859
1.55664
1.56055
1.55859
0.00610352
0.00610352
1.56055
0.0244026
0.00152587
0.390625
0.00152588
0.0015257
0.390625
0.390625
0.390137
0.390625
0.390625
0.390625
0.390625
0.00152588
0.00152587
0.390584
0.00152588
0.00152588
0.00152582
0.00152588
0.390625
0.00152582
0.390625
0.390625
0.390381
0.390625
0.390625
0.390625
0.390625
0.00152576
0.0015257
0.00152588
0.0015257
0.0015257
0.0015257
0.0015257
0.00152582
0.00152588
0.00152582
0.00152587
0.00152588
0.390625
0.389404
0.00152588
0.00152588
0.390584
0.389404
0.389404
0.389404
0.00152588
0.00152588
0.390625
0.390625
0.390625
0.390625
0.390381
0.00152582
0.00152588
0.00152582
0.390625
0.389404
0.00152587
0.00152588
0.389404
0.390381
0.00152588
0.00152576
0.390625
0.00152576
0.00152588
0.00152588
0.0244064
0.0244102
0.0244141
0.0244141
0.00038147
0.0244141
0.0975037
0.000381447
0.0975037
0.0976562
0.0976563
0.000381462
0.0976562
0.0976562
0.0976562
0.00038147
0.0975952
0.0244102
0.0976562
0.0244064
0.0244026
0.0976257
0.0976512
0.00038147
0.000381468
0.000381455
0.00038147
0.000381462
0.000381462
0.00038147
0.000381468
0.000381468
0.00038147
0.0976562
0.0976562
0.000381455
0.0976257
0.0976512
0.0976562
0.00038147
0.000381462
0.000381462
0.0976562
0.0976562
0.0976257
0.00038147
0.00038147
0.000381462
0.0976512
0.000381468
0.390625
0.0976257
0.00038147
0.0976562
0.0976562
0.0975037
0.00038147
0.0244102
0.024395
0.024395
0.0244134
0.024395
0.0244134
0.024395
0.024395
0.000381447
0.0975037
0.0976562
0.0975647
0.0975952
0.0975037
0.0976562
0.0976257
0.0976257
0.0976562
0.0975037
0.0244102
0.024395
0.0975647
0.0976562
0.0976512
0.0976562
0.0976562
0.0976562
0.0976562
0.00038147
0.0976562
