  1   0   0  0
  2   1   0  0
  3   1   1  0
  4   0   1  0
  5   0   0  0.4
  6   1   0  0.4
  7   1   1  0.4
  8   0   1  0.4
  9   1   2  0
  10   0   2  0
  11   1   2  0.4
  12   0   2  0.4
  13   1   3  0
  14   0   3  0
  15   1   3  0.4
  16   0   3  0.4
  17   1   4  0
  18   0   4  0
  19   1   4  0.4
  20   0   4  0.4
  21   1   5  0
  22   0   5  0
  23   1   5  0.4
  24   0   5  0.4
  25   1   6  0
  26   0   6  0
  27   1   6  0.4
  28   0   6  0.4
  29   1   7  0
  30   0   7  0
  31   1   7  0.4
  32   0   7  0.4
  33   1   8  0
  34   0   8  0
  35   1   8  0.4
  36   0   8  0.4
  37   1   9  0
  38   0   9  0
  39   1   9  0.4
  40   0   9  0.4
  41   1   10  0
  42   0   10  0
  43   1   10  0.4
  44   0   10  0.4
  45   2   0  0
  46   2   1  0
  47   2   0  0.4
  48   2   1  0.4
  49   2   2  0
  50   2   2  0.4
  51   2   3  0
  52   2   3  0.4
  53   2   4  0
  54   2   4  0.4
  55   2   5  0
  56   2   5  0.4
  57   2   6  0
  58   2   6  0.4
  59   2   7  0
  60   2   7  0.4
  61   2   8  0
  62   2   8  0.4
  63   2   9  0
  64   2   9  0.4
  65   2   10  0
  66   2   10  0.4
  67   3   0  0
  68   3   1  0
  69   3   0  0.4
  70   3   1  0.4
  71   3   2  0
  72   3   2  0.4
  73   3   3  0
  74   3   3  0.4
  75   3   4  0
  76   3   4  0.4
  77   3   5  0
  78   3   5  0.4
  79   3   6  0
  80   3   6  0.4
  81   3   7  0
  82   3   7  0.4
  83   3   8  0
  84   3   8  0.4
  85   3   9  0
  86   3   9  0.4
  87   3   10  0
  88   3   10  0.4
  89   4   0  0
  90   4   1  0
  91   4   0  0.4
  92   4   1  0.4
  93   4   2  0
  94   4   2  0.4
  95   4   3  0
  96   4   3  0.4
  97   4   4  0
  98   4   4  0.4
  99   4   5  0
  100   4   5  0.4
  101   4   6  0
  102   4   6  0.4
  103   4   7  0
  104   4   7  0.4
  105   4   8  0
  106   4   8  0.4
  107   4   9  0
  108   4   9  0.4
  109   4   10  0
  110   4   10  0.4
  111   5   0  0
  112   5   1  0
  113   5   0  0.4
  114   5   1  0.4
  115   5   2  0
  116   5   2  0.4
  117   5   3  0
  118   5   3  0.4
  119   5   4  0
  120   5   4  0.4
  121   5   5  0
  122   5   5  0.4
  123   5   6  0
  124   5   6  0.4
  125   5   7  0
  126   5   7  0.4
  127   5   8  0
  128   5   8  0.4
  129   5   9  0
  130   5   9  0.4
  131   5   10  0
  132   5   10  0.4
  133   6   0  0
  134   6   1  0
  135   6   0  0.4
  136   6   1  0.4
  137   6   2  0
  138   6   2  0.4
  139   6   3  0
  140   6   3  0.4
  141   6   4  0
  142   6   4  0.4
  143   6   5  0
  144   6   5  0.4
  145   6   6  0
  146   6   6  0.4
  147   6   7  0
  148   6   7  0.4
  149   6   8  0
  150   6   8  0.4
  151   6   9  0
  152   6   9  0.4
  153   6   10  0
  154   6   10  0.4
  155   7   0  0
  156   7   1  0
  157   7   0  0.4
  158   7   1  0.4
  159   7   2  0
  160   7   2  0.4
  161   7   3  0
  162   7   3  0.4
  163   7   4  0
  164   7   4  0.4
  165   7   5  0
  166   7   5  0.4
  167   7   6  0
  168   7   6  0.4
  169   7   7  0
  170   7   7  0.4
  171   7   8  0
  172   7   8  0.4
  173   7   9  0
  174   7   9  0.4
  175   7   10  0
  176   7   10  0.4
  177   8   0  0
  178   8   1  0
  179   8   0  0.4
  180   8   1  0.4
  181   8   2  0
  182   8   2  0.4
  183   8   3  0
  184   8   3  0.4
  185   8   4  0
  186   8   4  0.4
  187   8   5  0
  188   8   5  0.4
  189   8   6  0
  190   8   6  0.4
  191   8   7  0
  192   8   7  0.4
  193   8   8  0
  194   8   8  0.4
  195   8   9  0
  196   8   9  0.4
  197   8   10  0
  198   8   10  0.4
  199   9   0  0
  200   9   1  0
  201   9   0  0.4
  202   9   1  0.4
  203   9   2  0
  204   9   2  0.4
  205   9   3  0
  206   9   3  0.4
  207   9   4  0
  208   9   4  0.4
  209   9   5  0
  210   9   5  0.4
  211   9   6  0
  212   9   6  0.4
  213   9   7  0
  214   9   7  0.4
  215   9   8  0
  216   9   8  0.4
  217   9   9  0
  218   9   9  0.4
  219   9   10  0
  220   9   10  0.4
  221   10   0  0
  222   10   1  0
  223   10   0  0.4
  224   10   1  0.4
  225   10   2  0
  226   10   2  0.4
  227   10   3  0
  228   10   3  0.4
  229   10   4  0
  230   10   4  0.4
  231   10   5  0
  232   10   5  0.4
  233   10   6  0
  234   10   6  0.4
  235   10   7  0
  236   10   7  0.4
  237   10   8  0
  238   10   8  0.4
  239   10   9  0
  240   10   9  0.4
  241   10   10  0
  242   10   10  0.4

