unknown description
!  ======================================================= 
!     INPUT FILE FOR WASP; GENERATED BY HEXMESH 
!                (C) 1995 Petr Krysl 
! 
! #nodes #elements #materials #loads #time_funcs  
   68      16        1        0        1
!  ======================================================= 
OPTIONS 
!  option_tag (O, T, S)     value 
!  END OPTIONS 
&
!  ======================================================= 
MATERIAL 
   5  
!  id   E        nu    rho
   1   210000   0.3   7.85 
!  END MATERIAL 
&
!  ======================================================= 
TIME_FUNCTIONS 
  2  ! tabular 
! func#   #pairs 
   1        3
! time     val 
! Heaviside step function:
   0        1
   1        1
   10000000 1
!  END TIME_FUNCTIONS 
&
!  ======================================================= 
NODES
! id       x       y       z  CONSTRAIN: X  Y  Z (0=fix)
  1   0   0  0       1   1   1
  2   6.25   0  0       1   1   1
  3   6.25   2  0       1   1   1
  4   0   2  0       1   1   1
  5   0   0  2       1   1   1
  6   6.25   0  2       1   1   1
  7   6.25   2  2       1   1   1
  8   0   2  2       1   1   1
  9   12.5   0  0       1   1   1
  10   12.5   2  0       1   1   1
  11   12.5   0  2       1   1   1
  12   12.5   2  2       1   1   1
  13   18.75   0  0       1   1   1
  14   18.75   2  0       1   1   1
  15   18.75   0  2       1   1   1
  16   18.75   2  2       1   1   1
  17   25   0  0       1   1   1
  18   25   2  0       1   1   1
  19   25   0  2       1   1   1
  20   25   2  2       1   1   1
  21   31.25   0  0       1   1   1
  22   31.25   2  0       1   1   1
  23   31.25   0  2       1   1   1
  24   31.25   2  2       1   1   1
  25   37.5   0  0       1   1   1
  26   37.5   2  0       1   1   1
  27   37.5   0  2       1   1   1
  28   37.5   2  2       1   1   1
  29   43.75   0  0       1   1   1
  30   43.75   2  0       1   1   1
  31   43.75   0  2       1   1   1
  32   43.75   2  2       1   1   1
  33   50   0  0       1   1   1
  34   50   2  0       1   1   1
  35   50   0  2       1   1   1
  36   50   2  2       1   1   1
  37   56.25   0  0       1   1   1
  38   56.25   2  0       1   1   1
  39   56.25   0  2       1   1   1
  40   56.25   2  2       1   1   1
  41   62.5   0  0       1   1   1
  42   62.5   2  0       1   1   1
  43   62.5   0  2       1   1   1
  44   62.5   2  2       1   1   1
  45   68.75   0  0       1   1   1
  46   68.75   2  0       1   1   1
  47   68.75   0  2       1   1   1
  48   68.75   2  2       1   1   1
  49   75   0  0       1   1   1
  50   75   2  0       1   1   1
  51   75   0  2       1   1   1
  52   75   2  2       1   1   1
  53   81.25   0  0       1   1   1
  54   81.25   2  0       1   1   1
  55   81.25   0  2       1   1   1
  56   81.25   2  2       1   1   1
  57   87.5   0  0       1   1   1
  58   87.5   2  0       1   1   1
  59   87.5   0  2       1   1   1
  60   87.5   2  2       1   1   1
  61   93.75   0  0       1   1   1
  62   93.75   2  0       1   1   1
  63   93.75   0  2       1   1   1
  64   93.75   2  2       1   1   1
  65   100   0  0       1   1   1
  66   100   2  0       1   1   1
  67   100   0  2       1   1   1
  68   100   2  2       1   1   1
!  END NODES 
&
!  ======================================================
ELEM
   6  ! 2pt and 8pt isoparametric hexahedrons
!  id    n1 n2 n3 n4     n5 n6 n7 n8    material 
USE_2PT_RULE ! enable 2pt quadrature by default
1 1 2 3 4 5 6 7 8 1
2 2 9 10 3 6 11 12 7 1
3 9 13 14 10 11 15 16 12 1
4 13 17 18 14 15 19 20 16 1
5 17 21 22 18 19 23 24 20 1
6 21 25 26 22 23 27 28 24 1
7 25 29 30 26 27 31 32 28 1
8 29 33 34 30 31 35 36 32 1
9 33 37 38 34 35 39 40 36 1
10 37 41 42 38 39 43 44 40 1
11 41 45 46 42 43 47 48 44 1
12 45 49 50 46 47 51 52 48 1
13 49 53 54 50 51 55 56 52 1
14 53 57 58 54 55 59 60 56 1
15 57 61 62 58 59 63 64 60 1
16 61 65 66 62 63 67 68 64 1
!  END ELEM 
&
!  ======================================================= 
LOADS 
! load type (1 = nodal) 
! node#  dir (0-5)  amplitude  #time_func 
!  END LOADS 
&
!  ======================================================= 
! OUTPUT REQUESTS 
! vertex# 
!  END OUTPUT REQUESTS 
!  ======================================================= 
HISTORY 
!  client_tag (N, E, W)     entity# (0 for energy (W)) 
!  END HISTORY 
&
!  END DATA 
