! done reading nodes
! Make20d WASP file produced by HEXMAKE20
! ======================================================
! =     HEXMAKE20 is Copyright (C) 1998 Petr Krysl     =
! =     WASP is Copyright (C) 1994-1998 Petr Krysl     =
! ======================================================
unknown description
104 8 1 0 1
! ======================================================
OPTIONS 
&
! ======================================================
MATERIAL 
   5  
   1   210000   0.3   7.85 
&
! ======================================================
TIME_FUNCTIONS 
  2  
   1        3
   0        1
   1        1
   10000000 1
&
! ======================================================
Nodes
1 0 0 0
2 12.5 0 0
3 12.5 2 0
4 0 2 0
5 0 0 2
6 12.5 0 2
7 12.5 2 2
8 0 2 2
9 25 0 0
10 25 2 0
11 25 0 2
12 25 2 2
13 37.5 0 0
14 37.5 2 0
15 37.5 0 2
16 37.5 2 2
17 50 0 0
18 50 2 0
19 50 0 2
20 50 2 2
21 62.5 0 0
22 62.5 2 0
23 62.5 0 2
24 62.5 2 2
25 75 0 0
26 75 2 0
27 75 0 2
28 75 2 2
29 87.5 0 0
30 87.5 2 0
31 87.5 0 2
32 87.5 2 2
33 100 0 0
34 100 2 0
35 100 0 2
36 100 2 2
37 6.25 0 0
38 12.5 1 0
39 6.25 2 0
40 0 1 0
41 6.25 0 2
42 12.5 1 2
43 6.25 2 2
44 0 1 2
45 0 0 1
46 12.5 0 1
47 12.5 2 1
48 0 2 1
49 18.75 0 0
50 25 1 0
51 18.75 2 0
52 18.75 0 2
53 25 1 2
54 18.75 2 2
55 25 0 1
56 25 2 1
57 31.25 0 0
58 37.5 1 0
59 31.25 2 0
60 31.25 0 2
61 37.5 1 2
62 31.25 2 2
63 37.5 0 1
64 37.5 2 1
65 43.75 0 0
66 50 1 0
67 43.75 2 0
68 43.75 0 2
69 50 1 2
70 43.75 2 2
71 50 0 1
72 50 2 1
73 56.25 0 0
74 62.5 1 0
75 56.25 2 0
76 56.25 0 2
77 62.5 1 2
78 56.25 2 2
79 62.5 0 1
80 62.5 2 1
81 68.75 0 0
82 75 1 0
83 68.75 2 0
84 68.75 0 2
85 75 1 2
86 68.75 2 2
87 75 0 1
88 75 2 1
89 81.25 0 0
90 87.5 1 0
91 81.25 2 0
92 81.25 0 2
93 87.5 1 2
94 81.25 2 2
95 87.5 0 1
96 87.5 2 1
97 93.75 0 0
98 100 1 0
99 93.75 2 0
100 93.75 0 2
101 100 1 2
102 93.75 2 2
103 100 0 1
104 100 2 1
&
! ======================================================
Elements
18 ! 20-node hexahedra
1 1 2 3 4 5 6 7 8 37 38 39 40 41 42 43 44 45 46 47 48 1
2 2 9 10 3 6 11 12 7 49 50 51 38 52 53 54 42 46 55 56 47 1
3 9 13 14 10 11 15 16 12 57 58 59 50 60 61 62 53 55 63 64 56 1
4 13 17 18 14 15 19 20 16 65 66 67 58 68 69 70 61 63 71 72 64 1
5 17 21 22 18 19 23 24 20 73 74 75 66 76 77 78 69 71 79 80 72 1
6 21 25 26 22 23 27 28 24 81 82 83 74 84 85 86 77 79 87 88 80 1
7 25 29 30 26 27 31 32 28 89 90 91 82 92 93 94 85 87 95 96 88 1
8 29 33 34 30 31 35 36 32 97 98 99 90 100 101 102 93 95 103 104 96 1
&
! ======================================================
LOADS 
&
! ======================================================
HISTORY 
&
! end-of-data ==========================================
! ======================================================
