unknown description
!  ======================================================= 
!     INPUT FILE FOR WASP; GENERATED BY HEXMESH 
!                (C) 1995 Petr Krysl 
! 
! #nodes #elements #materials #loads #time_funcs  
   153      64        1        0        1
!  ======================================================= 
OPTIONS 
!  option_tag (O, T, S)     value 
!  END OPTIONS 
&
!  ======================================================= 
MATERIAL 
   5  
!  id   E        nu    rho
   1   210000   0.3   7.85 
!  END MATERIAL 
&
!  ======================================================= 
TIME_FUNCTIONS 
  2  ! tabular 
! func#   #pairs 
   1        3
! time     val 
! Heaviside step function:
   0        1
   1        1
   10000000 1
!  END TIME_FUNCTIONS 
&
!  ======================================================= 
NODES
! id       x       y       z  CONSTRAIN: X  Y  Z (0=fix)
  1   0   0  0       1   1   1
  2   6.25   0  0       1   1   1
  3   6.25   1  0       1   1   1
  4   0   1  0       1   1   1
  5   0   0  1       1   1   1
  6   6.25   0  1       1   1   1
  7   6.25   1  1       1   1   1
  8   0   1  1       1   1   1
  9   0   0  2       1   1   1
  10   6.25   0  2       1   1   1
  11   6.25   1  2       1   1   1
  12   0   1  2       1   1   1
  13   6.25   2  0       1   1   1
  14   0   2  0       1   1   1
  15   6.25   2  1       1   1   1
  16   0   2  1       1   1   1
  17   6.25   2  2       1   1   1
  18   0   2  2       1   1   1
  19   12.5   0  0       1   1   1
  20   12.5   1  0       1   1   1
  21   12.5   0  1       1   1   1
  22   12.5   1  1       1   1   1
  23   12.5   0  2       1   1   1
  24   12.5   1  2       1   1   1
  25   12.5   2  0       1   1   1
  26   12.5   2  1       1   1   1
  27   12.5   2  2       1   1   1
  28   18.75   0  0       1   1   1
  29   18.75   1  0       1   1   1
  30   18.75   0  1       1   1   1
  31   18.75   1  1       1   1   1
  32   18.75   0  2       1   1   1
  33   18.75   1  2       1   1   1
  34   18.75   2  0       1   1   1
  35   18.75   2  1       1   1   1
  36   18.75   2  2       1   1   1
  37   25   0  0       1   1   1
  38   25   1  0       1   1   1
  39   25   0  1       1   1   1
  40   25   1  1       1   1   1
  41   25   0  2       1   1   1
  42   25   1  2       1   1   1
  43   25   2  0       1   1   1
  44   25   2  1       1   1   1
  45   25   2  2       1   1   1
  46   31.25   0  0       1   1   1
  47   31.25   1  0       1   1   1
  48   31.25   0  1       1   1   1
  49   31.25   1  1       1   1   1
  50   31.25   0  2       1   1   1
  51   31.25   1  2       1   1   1
  52   31.25   2  0       1   1   1
  53   31.25   2  1       1   1   1
  54   31.25   2  2       1   1   1
  55   37.5   0  0       1   1   1
  56   37.5   1  0       1   1   1
  57   37.5   0  1       1   1   1
  58   37.5   1  1       1   1   1
  59   37.5   0  2       1   1   1
  60   37.5   1  2       1   1   1
  61   37.5   2  0       1   1   1
  62   37.5   2  1       1   1   1
  63   37.5   2  2       1   1   1
  64   43.75   0  0       1   1   1
  65   43.75   1  0       1   1   1
  66   43.75   0  1       1   1   1
  67   43.75   1  1       1   1   1
  68   43.75   0  2       1   1   1
  69   43.75   1  2       1   1   1
  70   43.75   2  0       1   1   1
  71   43.75   2  1       1   1   1
  72   43.75   2  2       1   1   1
  73   50   0  0       1   1   1
  74   50   1  0       1   1   1
  75   50   0  1       1   1   1
  76   50   1  1       1   1   1
  77   50   0  2       1   1   1
  78   50   1  2       1   1   1
  79   50   2  0       1   1   1
  80   50   2  1       1   1   1
  81   50   2  2       1   1   1
  82   56.25   0  0       1   1   1
  83   56.25   1  0       1   1   1
  84   56.25   0  1       1   1   1
  85   56.25   1  1       1   1   1
  86   56.25   0  2       1   1   1
  87   56.25   1  2       1   1   1
  88   56.25   2  0       1   1   1
  89   56.25   2  1       1   1   1
  90   56.25   2  2       1   1   1
  91   62.5   0  0       1   1   1
  92   62.5   1  0       1   1   1
  93   62.5   0  1       1   1   1
  94   62.5   1  1       1   1   1
  95   62.5   0  2       1   1   1
  96   62.5   1  2       1   1   1
  97   62.5   2  0       1   1   1
  98   62.5   2  1       1   1   1
  99   62.5   2  2       1   1   1
  100   68.75   0  0       1   1   1
  101   68.75   1  0       1   1   1
  102   68.75   0  1       1   1   1
  103   68.75   1  1       1   1   1
  104   68.75   0  2       1   1   1
  105   68.75   1  2       1   1   1
  106   68.75   2  0       1   1   1
  107   68.75   2  1       1   1   1
  108   68.75   2  2       1   1   1
  109   75   0  0       1   1   1
  110   75   1  0       1   1   1
  111   75   0  1       1   1   1
  112   75   1  1       1   1   1
  113   75   0  2       1   1   1
  114   75   1  2       1   1   1
  115   75   2  0       1   1   1
  116   75   2  1       1   1   1
  117   75   2  2       1   1   1
  118   81.25   0  0       1   1   1
  119   81.25   1  0       1   1   1
  120   81.25   0  1       1   1   1
  121   81.25   1  1       1   1   1
  122   81.25   0  2       1   1   1
  123   81.25   1  2       1   1   1
  124   81.25   2  0       1   1   1
  125   81.25   2  1       1   1   1
  126   81.25   2  2       1   1   1
  127   87.5   0  0       1   1   1
  128   87.5   1  0       1   1   1
  129   87.5   0  1       1   1   1
  130   87.5   1  1       1   1   1
  131   87.5   0  2       1   1   1
  132   87.5   1  2       1   1   1
  133   87.5   2  0       1   1   1
  134   87.5   2  1       1   1   1
  135   87.5   2  2       1   1   1
  136   93.75   0  0       1   1   1
  137   93.75   1  0       1   1   1
  138   93.75   0  1       1   1   1
  139   93.75   1  1       1   1   1
  140   93.75   0  2       1   1   1
  141   93.75   1  2       1   1   1
  142   93.75   2  0       1   1   1
  143   93.75   2  1       1   1   1
  144   93.75   2  2       1   1   1
  145   100   0  0       1   1   1
  146   100   1  0       1   1   1
  147   100   0  1       1   1   1
  148   100   1  1       1   1   1
  149   100   0  2       1   1   1
  150   100   1  2       1   1   1
  151   100   2  0       1   1   1
  152   100   2  1       1   1   1
  153   100   2  2       1   1   1
!  END NODES 
&
!  ======================================================
ELEM
   6  ! 2pt and 8pt isoparametric hexahedrons
!  id    n1 n2 n3 n4     n5 n6 n7 n8    material 
USE_2PT_RULE ! enable 2pt quadrature by default
1 1 2 3 4 5 6 7 8 1
2 5 6 7 8 9 10 11 12 1
3 4 3 13 14 8 7 15 16 1
4 8 7 15 16 12 11 17 18 1
5 2 19 20 3 6 21 22 7 1
6 6 21 22 7 10 23 24 11 1
7 3 20 25 13 7 22 26 15 1
8 7 22 26 15 11 24 27 17 1
9 19 28 29 20 21 30 31 22 1
10 21 30 31 22 23 32 33 24 1
11 20 29 34 25 22 31 35 26 1
12 22 31 35 26 24 33 36 27 1
13 28 37 38 29 30 39 40 31 1
14 30 39 40 31 32 41 42 33 1
15 29 38 43 34 31 40 44 35 1
16 31 40 44 35 33 42 45 36 1
17 37 46 47 38 39 48 49 40 1
18 39 48 49 40 41 50 51 42 1
19 38 47 52 43 40 49 53 44 1
20 40 49 53 44 42 51 54 45 1
21 46 55 56 47 48 57 58 49 1
22 48 57 58 49 50 59 60 51 1
23 47 56 61 52 49 58 62 53 1
24 49 58 62 53 51 60 63 54 1
25 55 64 65 56 57 66 67 58 1
26 57 66 67 58 59 68 69 60 1
27 56 65 70 61 58 67 71 62 1
28 58 67 71 62 60 69 72 63 1
29 64 73 74 65 66 75 76 67 1
30 66 75 76 67 68 77 78 69 1
31 65 74 79 70 67 76 80 71 1
32 67 76 80 71 69 78 81 72 1
33 73 82 83 74 75 84 85 76 1
34 75 84 85 76 77 86 87 78 1
35 74 83 88 79 76 85 89 80 1
36 76 85 89 80 78 87 90 81 1
37 82 91 92 83 84 93 94 85 1
38 84 93 94 85 86 95 96 87 1
39 83 92 97 88 85 94 98 89 1
40 85 94 98 89 87 96 99 90 1
41 91 100 101 92 93 102 103 94 1
42 93 102 103 94 95 104 105 96 1
43 92 101 106 97 94 103 107 98 1
44 94 103 107 98 96 105 108 99 1
45 100 109 110 101 102 111 112 103 1
46 102 111 112 103 104 113 114 105 1
47 101 110 115 106 103 112 116 107 1
48 103 112 116 107 105 114 117 108 1
49 109 118 119 110 111 120 121 112 1
50 111 120 121 112 113 122 123 114 1
51 110 119 124 115 112 121 125 116 1
52 112 121 125 116 114 123 126 117 1
53 118 127 128 119 120 129 130 121 1
54 120 129 130 121 122 131 132 123 1
55 119 128 133 124 121 130 134 125 1
56 121 130 134 125 123 132 135 126 1
57 127 136 137 128 129 138 139 130 1
58 129 138 139 130 131 140 141 132 1
59 128 137 142 133 130 139 143 134 1
60 130 139 143 134 132 141 144 135 1
61 136 145 146 137 138 147 148 139 1
62 138 147 148 139 140 149 150 141 1
63 137 146 151 142 139 148 152 143 1
64 139 148 152 143 141 150 153 144 1
!  END ELEM 
&
!  ======================================================= 
LOADS 
! load type (1 = nodal) 
! node#  dir (0-5)  amplitude  #time_func 
!  END LOADS 
&
!  ======================================================= 
! OUTPUT REQUESTS 
! vertex# 
!  END OUTPUT REQUESTS 
!  ======================================================= 
HISTORY 
!  client_tag (N, E, W)     entity# (0 for energy (W)) 
!  END HISTORY 
&
!  END DATA 
