! done reading nodes
! Make20d WASP file produced by HEXMAKE20
! ======================================================
! =     HEXMAKE20 is Copyright (C) 1998 Petr Krysl     =
! =     WASP is Copyright (C) 1994-1998 Petr Krysl     =
! ======================================================
unknown description
200 16 1 0 1
! ======================================================
OPTIONS 
&
! ======================================================
MATERIAL 
   5  
   1   210000   0.3   7.85 
&
! ======================================================
TIME_FUNCTIONS 
  2  
   1        3
   0        1
   1        1
   10000000 1
&
! ======================================================
Nodes
1 0 0 0
2 6.25 0 0
3 6.25 2 0
4 0 2 0
5 0 0 2
6 6.25 0 2
7 6.25 2 2
8 0 2 2
9 12.5 0 0
10 12.5 2 0
11 12.5 0 2
12 12.5 2 2
13 18.75 0 0
14 18.75 2 0
15 18.75 0 2
16 18.75 2 2
17 25 0 0
18 25 2 0
19 25 0 2
20 25 2 2
21 31.25 0 0
22 31.25 2 0
23 31.25 0 2
24 31.25 2 2
25 37.5 0 0
26 37.5 2 0
27 37.5 0 2
28 37.5 2 2
29 43.75 0 0
30 43.75 2 0
31 43.75 0 2
32 43.75 2 2
33 50 0 0
34 50 2 0
35 50 0 2
36 50 2 2
37 56.25 0 0
38 56.25 2 0
39 56.25 0 2
40 56.25 2 2
41 62.5 0 0
42 62.5 2 0
43 62.5 0 2
44 62.5 2 2
45 68.75 0 0
46 68.75 2 0
47 68.75 0 2
48 68.75 2 2
49 75 0 0
50 75 2 0
51 75 0 2
52 75 2 2
53 81.25 0 0
54 81.25 2 0
55 81.25 0 2
56 81.25 2 2
57 87.5 0 0
58 87.5 2 0
59 87.5 0 2
60 87.5 2 2
61 93.75 0 0
62 93.75 2 0
63 93.75 0 2
64 93.75 2 2
65 100 0 0
66 100 2 0
67 100 0 2
68 100 2 2
69 3.125 0 0
70 6.25 1 0
71 3.125 2 0
72 0 1 0
73 3.125 0 2
74 6.25 1 2
75 3.125 2 2
76 0 1 2
77 0 0 1
78 6.25 0 1
79 6.25 2 1
80 0 2 1
81 9.375 0 0
82 12.5 1 0
83 9.375 2 0
84 9.375 0 2
85 12.5 1 2
86 9.375 2 2
87 12.5 0 1
88 12.5 2 1
89 15.625 0 0
90 18.75 1 0
91 15.625 2 0
92 15.625 0 2
93 18.75 1 2
94 15.625 2 2
95 18.75 0 1
96 18.75 2 1
97 21.875 0 0
98 25 1 0
99 21.875 2 0
100 21.875 0 2
101 25 1 2
102 21.875 2 2
103 25 0 1
104 25 2 1
105 28.125 0 0
106 31.25 1 0
107 28.125 2 0
108 28.125 0 2
109 31.25 1 2
110 28.125 2 2
111 31.25 0 1
112 31.25 2 1
113 34.375 0 0
114 37.5 1 0
115 34.375 2 0
116 34.375 0 2
117 37.5 1 2
118 34.375 2 2
119 37.5 0 1
120 37.5 2 1
121 40.625 0 0
122 43.75 1 0
123 40.625 2 0
124 40.625 0 2
125 43.75 1 2
126 40.625 2 2
127 43.75 0 1
128 43.75 2 1
129 46.875 0 0
130 50 1 0
131 46.875 2 0
132 46.875 0 2
133 50 1 2
134 46.875 2 2
135 50 0 1
136 50 2 1
137 53.125 0 0
138 56.25 1 0
139 53.125 2 0
140 53.125 0 2
141 56.25 1 2
142 53.125 2 2
143 56.25 0 1
144 56.25 2 1
145 59.375 0 0
146 62.5 1 0
147 59.375 2 0
148 59.375 0 2
149 62.5 1 2
150 59.375 2 2
151 62.5 0 1
152 62.5 2 1
153 65.625 0 0
154 68.75 1 0
155 65.625 2 0
156 65.625 0 2
157 68.75 1 2
158 65.625 2 2
159 68.75 0 1
160 68.75 2 1
161 71.875 0 0
162 75 1 0
163 71.875 2 0
164 71.875 0 2
165 75 1 2
166 71.875 2 2
167 75 0 1
168 75 2 1
169 78.125 0 0
170 81.25 1 0
171 78.125 2 0
172 78.125 0 2
173 81.25 1 2
174 78.125 2 2
175 81.25 0 1
176 81.25 2 1
177 84.375 0 0
178 87.5 1 0
179 84.375 2 0
180 84.375 0 2
181 87.5 1 2
182 84.375 2 2
183 87.5 0 1
184 87.5 2 1
185 90.625 0 0
186 93.75 1 0
187 90.625 2 0
188 90.625 0 2
189 93.75 1 2
190 90.625 2 2
191 93.75 0 1
192 93.75 2 1
193 96.875 0 0
194 100 1 0
195 96.875 2 0
196 96.875 0 2
197 100 1 2
198 96.875 2 2
199 100 0 1
200 100 2 1
&
! ======================================================
Elements
18 ! 20-node hexahedra
1 1 2 3 4 5 6 7 8 69 70 71 72 73 74 75 76 77 78 79 80 1
2 2 9 10 3 6 11 12 7 81 82 83 70 84 85 86 74 78 87 88 79 1
3 9 13 14 10 11 15 16 12 89 90 91 82 92 93 94 85 87 95 96 88 1
4 13 17 18 14 15 19 20 16 97 98 99 90 100 101 102 93 95 103 104 96 1
5 17 21 22 18 19 23 24 20 105 106 107 98 108 109 110 101 103 111 112 104 1
6 21 25 26 22 23 27 28 24 113 114 115 106 116 117 118 109 111 119 120 112 1
7 25 29 30 26 27 31 32 28 121 122 123 114 124 125 126 117 119 127 128 120 1
8 29 33 34 30 31 35 36 32 129 130 131 122 132 133 134 125 127 135 136 128 1
9 33 37 38 34 35 39 40 36 137 138 139 130 140 141 142 133 135 143 144 136 1
10 37 41 42 38 39 43 44 40 145 146 147 138 148 149 150 141 143 151 152 144 1
11 41 45 46 42 43 47 48 44 153 154 155 146 156 157 158 149 151 159 160 152 1
12 45 49 50 46 47 51 52 48 161 162 163 154 164 165 166 157 159 167 168 160 1
13 49 53 54 50 51 55 56 52 169 170 171 162 172 173 174 165 167 175 176 168 1
14 53 57 58 54 55 59 60 56 177 178 179 170 180 181 182 173 175 183 184 176 1
15 57 61 62 58 59 63 64 60 185 186 187 178 188 189 190 181 183 191 192 184 1
16 61 65 66 62 63 67 68 64 193 194 195 186 196 197 198 189 191 199 200 192 1
&
! ======================================================
LOADS 
&
! ======================================================
HISTORY 
&
! end-of-data ==========================================
! ======================================================
